 4.30200E+02
 4.31200E+02
 4.30900E+02
 4.30900E+02
 4.31800E+02
 4.28400E+02
 4.31400E+02
 4.31200E+02
 4.32800E+02
 4.30500E+02
 4.31200E+02
 4.30900E+02
 4.31100E+02
 4.30900E+02
 4.31900E+02
 4.32100E+02
 4.31200E+02
 4.31300E+02
 4.31300E+02
 4.30900E+02
 4.31400E+02
 4.30800E+02
 4.30100E+02
 4.30900E+02
 4.32100E+02
 4.31000E+02
 4.32200E+02
 4.47400E+02
 4.63600E+02
 4.39700E+02
 4.31600E+02
 4.32200E+02
 4.31000E+02
 4.30600E+02
 4.32200E+02
 4.31100E+02
 4.31100E+02
 4.30900E+02
 4.30500E+02
 4.34700E+02
 4.37400E+02
 4.48700E+02
 4.58300E+02
 4.74000E+02
 4.88900E+02
 4.86900E+02
 4.89900E+02
 4.91100E+02
 4.93600E+02
 4.91300E+02
 4.94100E+02
 4.93400E+02
 4.91900E+02
 4.92500E+02
 4.92800E+02
 4.93000E+02
 4.91900E+02
 4.93500E+02
 4.92300E+02
 4.94100E+02
 4.91700E+02
 4.89000E+02
 4.91600E+02
 4.93500E+02
 4.96400E+02
 4.93600E+02
 4.93600E+02
 4.96200E+02
 4.95000E+02
 4.94300E+02
 4.94800E+02
 4.95100E+02
 4.99100E+02
 4.94800E+02
 4.93100E+02
 4.99100E+02
 4.98900E+02
 4.98000E+02
 4.95600E+02
 5.00000E+02
 4.98700E+02
 4.97800E+02
 4.97000E+02
 5.00600E+02
 4.98700E+02
 5.02500E+02
 5.00000E+02
 5.00500E+02
 5.00600E+02
 5.03700E+02
 5.00400E+02
 5.00400E+02
 5.02900E+02
 5.02400E+02
 5.00000E+02
 5.00000E+02
 5.01800E+02
 5.03200E+02
 5.03600E+02
 5.03500E+02
 4.99400E+02
 5.02100E+02
 5.03200E+02
 5.01700E+02
 5.05000E+02
 5.04200E+02
 5.05000E+02
 5.01000E+02
 5.02700E+02
 5.04200E+02
 5.04800E+02
 5.03900E+02
 5.02600E+02
 5.05000E+02
 5.04400E+02
 5.08200E+02
 5.07800E+02
 5.05400E+02
 5.03000E+02
 5.06300E+02
 5.04000E+02
 5.03500E+02
 5.04800E+02
 5.10200E+02
 5.08600E+02
 5.03800E+02
 5.07600E+02
 5.10000E+02
 5.13700E+02
 5.07300E+02
 5.09400E+02
 5.11100E+02
 5.10300E+02
 5.09800E+02
 5.08900E+02
 5.10000E+02
 5.10300E+02
 5.09100E+02
 5.09500E+02
 5.15900E+02
 5.11500E+02
 5.14800E+02
 5.10400E+02
 5.09100E+02
 5.10600E+02
 5.14600E+02
 5.11300E+02
 5.13300E+02
 5.09800E+02
 5.17000E+02
 5.14200E+02
 5.08800E+02
 5.12400E+02
 5.14100E+02
 5.13600E+02
 5.14200E+02
 5.12100E+02
 5.11000E+02
 5.13000E+02
 5.15300E+02
 5.15100E+02
 5.15500E+02
 5.18400E+02
 5.16400E+02
 5.10600E+02
 5.15400E+02
 5.15200E+02
 5.16200E+02
 5.14700E+02
 5.13700E+02
 5.16600E+02
 5.15900E+02
 5.18400E+02
 5.17300E+02
 5.16700E+02
 5.15500E+02
 5.20800E+02
 5.17900E+02
 5.17300E+02
 5.14700E+02
 5.18500E+02
 5.19000E+02
 5.15800E+02
 5.16600E+02
 5.20400E+02
 5.21300E+02
 5.16200E+02
 5.16600E+02
 5.18600E+02
 5.18600E+02
 5.18000E+02
 5.22300E+02
 5.23100E+02
 5.23700E+02
 5.22800E+02
 5.20800E+02
 5.19800E+02
 5.22900E+02
 5.20200E+02
 5.21200E+02
 5.19200E+02
 5.23400E+02
 5.23200E+02
 5.26300E+02
 5.18900E+02
 5.22800E+02
 5.23600E+02
 5.21100E+02
 5.23100E+02
 5.20200E+02
 5.22500E+02
 5.21100E+02
 5.22900E+02
 5.26500E+02
 5.24800E+02
 5.23400E+02
 5.21800E+02
 5.24200E+02
 5.25000E+02
 5.23700E+02
 5.23500E+02
 5.25300E+02
 5.25400E+02
 5.25700E+02
 5.23200E+02
 5.26200E+02
 5.24200E+02
 5.25700E+02
 5.26400E+02
 5.26800E+02
 5.24900E+02
 5.27100E+02
 5.25300E+02
 5.26300E+02
 5.29600E+02
 5.26700E+02
 5.27000E+02
 5.30800E+02
 5.30300E+02
 5.29600E+02
 5.31300E+02
 5.31900E+02
 5.28900E+02
 5.31600E+02
 5.29900E+02
 5.29000E+02
 5.31000E+02
 5.31000E+02
 5.31400E+02
 5.28900E+02
 5.30800E+02
 5.30600E+02
 5.32600E+02
 5.29800E+02
 5.28600E+02
 5.25000E+02
 5.28200E+02
 5.29900E+02
 5.30800E+02
 5.33600E+02
 5.31200E+02
 5.36900E+02
 5.32800E+02
 5.38600E+02
 5.35400E+02
 5.36900E+02
 5.37800E+02
 5.38500E+02
 5.31900E+02
 5.35000E+02
 5.34400E+02
 5.32100E+02
 5.32800E+02
 5.34900E+02
 5.34700E+02
 5.35700E+02
 5.34400E+02
 5.35300E+02
 5.34000E+02
 5.33600E+02
 5.36000E+02
 5.33200E+02
 5.31300E+02
 5.37100E+02
 5.39100E+02
 5.37300E+02
 5.40100E+02
 5.36500E+02
 5.37300E+02
 5.37700E+02
 5.38300E+02
 5.33700E+02
 5.34400E+02
 5.38300E+02
 5.40500E+02
 5.39400E+02
 5.40600E+02
 5.38000E+02
 5.42200E+02
 5.41000E+02
 5.40800E+02
 5.39500E+02
 5.43600E+02
 5.43900E+02
 5.39200E+02
 5.40300E+02
 5.42700E+02
 5.40700E+02
 5.43500E+02
 5.39100E+02
 5.43900E+02
 5.47000E+02
 5.44400E+02
 5.39200E+02
 5.40700E+02
 5.44000E+02
 5.45900E+02
 5.43500E+02
 5.41900E+02
 5.45900E+02
 5.43100E+02
 5.43700E+02
 5.45000E+02
 5.44500E+02
 5.45100E+02
 5.45000E+02
 5.50700E+02
 5.51900E+02
 5.43900E+02
 5.46700E+02
 5.50000E+02
 5.47800E+02
 5.48300E+02
 5.53000E+02
 5.45400E+02
 5.51300E+02
 5.47600E+02
 5.47800E+02
 5.46300E+02
 5.46800E+02
 5.49000E+02
 5.46700E+02
 5.46400E+02
 5.49900E+02
 5.48800E+02
 5.52100E+02
 5.46400E+02
 5.48400E+02
 5.50900E+02
 5.46800E+02
 5.47600E+02
 5.48500E+02
 5.50400E+02
 5.51100E+02
 5.50800E+02
 5.48200E+02
 5.50400E+02
 5.50600E+02
 5.52100E+02
 5.45300E+02
 5.52200E+02
 5.53400E+02
 5.51000E+02
 5.54800E+02
 5.50700E+02
 5.49700E+02
 5.49600E+02
 5.56300E+02
 5.55100E+02
 5.53800E+02
 5.52600E+02
 5.52600E+02
 5.57600E+02
 5.53400E+02
 5.56300E+02
 5.52000E+02
 5.54900E+02
 5.55100E+02
 5.55600E+02
 5.57800E+02
 5.56800E+02
 5.54300E+02
 5.57900E+02
 5.59500E+02
 5.55800E+02
 5.60100E+02
 5.59100E+02
 5.57600E+02
 5.53600E+02
 5.58700E+02
 5.58500E+02
 5.56900E+02
 5.63100E+02
 5.56800E+02
 5.57600E+02
 5.56400E+02
 5.58000E+02
 5.62300E+02
 5.58100E+02
 5.59800E+02
 5.57400E+02
 5.59100E+02
 5.57100E+02
 5.56600E+02
 5.60600E+02
 5.58500E+02
 5.55100E+02
 5.58800E+02
 5.53100E+02
 5.54300E+02
 5.53800E+02
 5.56000E+02
 5.59700E+02
 5.56600E+02
 5.58600E+02
 5.56300E+02
 5.60900E+02
 5.54400E+02
 5.58200E+02
 5.59200E+02
 5.57100E+02
 5.60500E+02
 5.59600E+02
 5.58000E+02
 5.58600E+02
 5.58500E+02
 5.58800E+02
 5.52100E+02
 5.58400E+02
 5.61400E+02
 5.55000E+02
 5.57900E+02
 5.55800E+02
 5.56600E+02
 5.61200E+02
 5.57700E+02
 5.60200E+02
 5.57200E+02
 5.52700E+02
 5.55300E+02
 5.55600E+02
 5.61800E+02
 5.60800E+02
 5.58300E+02
 5.61800E+02
 5.60000E+02
 5.62100E+02
 5.59400E+02
 5.61700E+02
 5.62900E+02
 5.59100E+02
 5.60500E+02
 5.58200E+02
 5.62300E+02
 5.57300E+02
 5.59300E+02
 5.63700E+02
 5.62600E+02
 5.63400E+02
 5.64600E+02
 5.63200E+02
 5.61200E+02
 5.63400E+02
 5.58100E+02
 5.59800E+02
 5.61100E+02
 5.63200E+02
 5.60500E+02
 5.58100E+02
 5.61500E+02
 5.62300E+02
 5.59700E+02
 5.64600E+02
 5.65300E+02
 5.62600E+02
 5.63800E+02
 5.64600E+02
 5.64700E+02
 5.63500E+02
 5.60700E+02
 5.64700E+02
 5.67100E+02
 5.64800E+02
 5.62800E+02
 5.63300E+02
 5.64100E+02
 5.64200E+02
 5.64300E+02
 5.64600E+02
 5.63600E+02
 5.62300E+02
 5.65300E+02
 5.61300E+02
 5.60700E+02
 5.63400E+02
 5.65600E+02
 5.64800E+02
 5.62600E+02
 5.65300E+02
 5.67100E+02
 5.69600E+02
 5.63700E+02
 5.63500E+02
 5.59600E+02
 5.63500E+02
 5.63600E+02
 5.64100E+02
 5.66900E+02
 5.67000E+02
 5.69200E+02
 5.68900E+02
 5.65100E+02
 5.64900E+02
 5.69400E+02
 5.70300E+02
 5.65800E+02
 5.71700E+02
 5.67100E+02
 5.73700E+02
 5.66700E+02
 5.67400E+02
 5.67300E+02
 5.67100E+02
 5.65400E+02
 5.65100E+02
 5.70700E+02
 5.66700E+02
 5.66000E+02
 5.62200E+02
 5.67300E+02
 5.70100E+02
 5.68600E+02
 5.69500E+02
 5.66200E+02
 5.69500E+02
 5.69600E+02
 5.66400E+02
 5.71600E+02
 5.70000E+02
 5.68400E+02
 5.73200E+02
 5.67800E+02
 5.68000E+02
 5.73000E+02
 5.72700E+02
 5.69400E+02
 5.71700E+02
 5.71600E+02
 5.74000E+02
 5.72600E+02
 5.67500E+02
 5.69800E+02
 5.69200E+02
 5.70200E+02
 5.73100E+02
 5.74000E+02
 5.67100E+02
 5.71700E+02
 5.73900E+02
 5.68300E+02
 5.71200E+02
 5.69600E+02
 5.70400E+02
 5.75800E+02
 5.69500E+02
 5.67500E+02
 5.70800E+02
 5.71900E+02
 5.68300E+02
 5.70300E+02
 5.71100E+02
 5.68000E+02
 5.66600E+02
 5.69100E+02
 5.73600E+02
 5.70400E+02
 5.69700E+02
 5.71200E+02
 5.69300E+02
 5.69500E+02
 5.69400E+02
 5.74100E+02
 5.68200E+02
 5.75100E+02
 5.72100E+02
 5.67900E+02
 5.70500E+02
 5.69900E+02
 5.71000E+02
 5.71600E+02
 5.75700E+02
 5.72600E+02
 5.69900E+02
 5.71000E+02
 5.70700E+02
 5.70700E+02
 5.68700E+02
 5.72100E+02
 5.72200E+02
 5.70300E+02
 5.72000E+02
 5.71800E+02
 5.71900E+02
 5.70200E+02
 5.73600E+02
 5.73600E+02
 5.73000E+02
 5.73400E+02
 5.70300E+02
 5.71600E+02
 5.70600E+02
 5.69700E+02
 5.74100E+02
 5.73200E+02
 5.73800E+02
 5.70500E+02
 5.73300E+02
 5.74200E+02
 5.73800E+02
 5.67500E+02
 5.67200E+02
 5.69000E+02
 5.68200E+02
 5.76400E+02
 5.74800E+02
 5.70900E+02
 5.65000E+02
 5.67900E+02
 5.73000E+02
 5.70500E+02
 5.74600E+02
 5.67100E+02
 5.72700E+02
 5.74800E+02
 5.73900E+02
 5.72600E+02
 5.70600E+02
 5.75600E+02
 5.69900E+02
 5.71200E+02
 5.71400E+02
 5.71500E+02
 5.73300E+02
 5.71900E+02
 5.68800E+02
 5.68500E+02
 5.65400E+02
 5.72500E+02
 5.69100E+02
 5.73400E+02
 5.71100E+02
 5.72100E+02
 5.72000E+02
 5.77600E+02
 5.71400E+02
 5.71800E+02
 5.70400E+02
 5.71400E+02
 5.69400E+02
 5.69000E+02
 5.75300E+02
 5.73500E+02
 5.69400E+02
 5.76100E+02
 5.70700E+02
 5.70600E+02
 5.71500E+02
 5.72900E+02
 5.78600E+02
 5.74000E+02
 5.71500E+02
 5.78300E+02
 5.76200E+02
 5.76900E+02
 5.73700E+02
 5.77400E+02
 5.70100E+02
 5.71400E+02
 5.73000E+02
 5.72700E+02
 5.73400E+02
 5.74300E+02
 5.78600E+02
 5.74200E+02
 5.71900E+02
 5.70900E+02
 5.73700E+02
 5.74300E+02
 5.77900E+02
 5.75700E+02
 5.74800E+02
 5.70100E+02
 5.72000E+02
 5.74100E+02
 5.77500E+02
 5.76500E+02
 5.75200E+02
 5.75400E+02
 5.76900E+02
 5.72700E+02
 5.70900E+02
 5.73600E+02
 5.73300E+02
 5.73900E+02
 5.77600E+02
 5.71900E+02
 5.80100E+02
 5.76000E+02
 5.73400E+02
 5.75100E+02
 5.71900E+02
 5.71200E+02
 5.72500E+02
 5.75000E+02
 5.75400E+02
 5.74500E+02
 5.71900E+02
 5.76300E+02
 5.74300E+02
 5.73800E+02
 5.71200E+02
 5.75100E+02
 5.72700E+02
 5.76400E+02
 5.71500E+02
 5.70900E+02
 5.71800E+02
 5.73200E+02
 5.73500E+02
 5.76800E+02
 5.73600E+02
 5.72900E+02
 5.73500E+02
 5.72900E+02
 5.78700E+02
 5.72700E+02
 5.73600E+02
 5.76500E+02
 5.73100E+02
 5.71000E+02
 5.75000E+02
 5.72600E+02
 5.75800E+02
 5.74400E+02
 5.70800E+02
 5.72800E+02
 5.72200E+02
 5.77300E+02
 5.72600E+02
 5.71800E+02
 5.74000E+02
 5.76200E+02
 5.77200E+02
 5.74000E+02
 5.76500E+02
 5.74400E+02
 5.79700E+02
 5.71800E+02
 5.72300E+02
 5.74300E+02
 5.77600E+02
 5.72600E+02
 5.70600E+02
 5.72700E+02
 5.75200E+02
 5.74000E+02
 5.69700E+02
 5.77000E+02
 5.76100E+02
 5.76700E+02
 5.69800E+02
 5.73900E+02
 5.73600E+02
 5.75600E+02
 5.73700E+02
 5.72000E+02
 5.72800E+02
 5.72400E+02
 5.77300E+02
 5.71700E+02
 5.73900E+02
 5.74200E+02
 5.72800E+02
 5.67300E+02
 5.73500E+02
 5.70000E+02
 5.68000E+02
 5.70900E+02
 5.71500E+02
 5.68100E+02
 5.74500E+02
 5.72500E+02
 5.67600E+02
 5.73400E+02
 5.71400E+02
 5.69100E+02
 5.71800E+02
 5.72500E+02
 5.69900E+02
 5.71500E+02
 5.73400E+02
 5.71400E+02
 5.73100E+02
 5.70300E+02
 5.66800E+02
 5.69500E+02
 5.67900E+02
 5.72100E+02
 5.72500E+02
 5.77200E+02
 5.77700E+02
 5.75000E+02
 5.77200E+02
 5.65800E+02
 5.68700E+02
 5.69900E+02
 5.67100E+02
 5.67600E+02
 5.75600E+02
 5.73200E+02
 5.65300E+02
 5.71700E+02
 5.72100E+02
 5.69900E+02
 5.70800E+02
 5.69000E+02
 5.70400E+02
 5.72800E+02
 5.69200E+02
 5.64700E+02
 5.71000E+02
 5.70800E+02
 5.69400E+02
 5.68100E+02
 5.68700E+02
 5.68500E+02
 5.63800E+02
 5.71900E+02
 5.67200E+02
 5.71900E+02
 5.67800E+02
 5.65400E+02
 5.67000E+02
 5.65800E+02
 5.67000E+02
 5.68000E+02
 5.65500E+02
 5.63100E+02
 5.68000E+02
 5.67500E+02
 5.64800E+02
 5.66800E+02
 5.69000E+02
 5.62300E+02
 5.64600E+02
 5.66100E+02
 5.66600E+02
 5.65400E+02
 5.68100E+02
 5.67100E+02
 5.68700E+02
 5.66000E+02
 5.69300E+02
 5.69000E+02
 5.68100E+02
 5.68500E+02
 5.64800E+02
 5.66200E+02
 5.70100E+02
 5.67100E+02
 5.63300E+02
 5.67800E+02
 5.67000E+02
 5.64800E+02
 5.67300E+02
 5.63400E+02
 5.65000E+02
 5.64400E+02
 5.62400E+02
 5.62400E+02
 5.63500E+02
 5.64100E+02
 5.58100E+02
 5.67900E+02
 5.64800E+02
 5.64400E+02
 5.63200E+02
 5.61000E+02
 5.64800E+02
 5.65100E+02
 5.64500E+02
 5.62900E+02
 5.61500E+02
 5.65900E+02
 5.64700E+02
 5.65600E+02
 5.67500E+02
 5.64100E+02
 5.62100E+02
 5.60600E+02
 5.66200E+02
 5.62400E+02
 5.63500E+02
 5.63200E+02
 5.60400E+02
 5.60700E+02
 5.60800E+02
 5.62400E+02
 5.60500E+02
 5.58400E+02
 5.63800E+02
 5.63600E+02
 5.62300E+02
 5.63000E+02
 5.62200E+02
 5.62500E+02
 5.59800E+02
 5.61600E+02
 5.63900E+02
 5.56500E+02
 5.61400E+02
 5.63900E+02
 5.57400E+02
 5.61900E+02
 5.63900E+02
 5.58500E+02
 5.64200E+02
 5.60200E+02
 5.55900E+02
 5.57100E+02
 5.61700E+02
 5.59000E+02
 5.60300E+02
 5.53400E+02
 5.58000E+02
 5.59500E+02
 5.53900E+02
 5.56500E+02
 5.55500E+02
 5.59000E+02
 5.60000E+02
 5.55000E+02
 5.62200E+02
 5.56300E+02
 5.54900E+02
 5.59100E+02
 5.60400E+02
 5.59200E+02
 5.61500E+02
 5.57500E+02
 5.61500E+02
 5.57200E+02
 5.60200E+02
 5.61200E+02
 5.63100E+02
 5.59600E+02
 5.60800E+02
 5.56600E+02
 5.56900E+02
 5.51100E+02
 5.55800E+02
 5.58200E+02
 5.57300E+02
 5.62400E+02
 5.54500E+02
 5.55200E+02
 5.55000E+02
 5.56000E+02
 5.58800E+02
 5.59600E+02
 5.53500E+02
 5.57300E+02
 5.56400E+02
 5.55900E+02
 5.58200E+02
 5.57900E+02
 5.55000E+02
 5.46700E+02
 5.53700E+02
 5.52500E+02
 5.57000E+02
 5.48600E+02
 5.53500E+02
 5.55800E+02
 5.55200E+02
 5.56100E+02
 5.55200E+02
 5.54900E+02
 5.51000E+02
 5.54100E+02
 5.55100E+02
 5.55100E+02
 5.53100E+02
 5.55100E+02
 5.50000E+02
 5.52600E+02
 5.52000E+02
 5.55100E+02
 5.49100E+02
 5.55600E+02
 5.53000E+02
 5.52000E+02
 5.47700E+02
 5.53900E+02
 5.51300E+02
 5.53500E+02
 5.54800E+02
 5.50300E+02
 5.50800E+02
 5.48800E+02
 5.48500E+02
 5.47700E+02
 5.50200E+02
 5.49500E+02
 5.53000E+02
 5.49200E+02
 5.48600E+02
 5.49300E+02
 5.48900E+02
 5.52800E+02
 5.51300E+02
 5.48800E+02
 5.49800E+02
 5.49000E+02
