 4.31100E+02
 4.30300E+02
 4.32100E+02
 4.31500E+02
 4.31300E+02
 4.30500E+02
 4.32000E+02
 4.31600E+02
 4.31000E+02
 4.29900E+02
 4.30800E+02
 4.31900E+02
 4.29800E+02
 4.31400E+02
 4.31100E+02
 4.32400E+02
 4.30800E+02
 4.30600E+02
 4.32100E+02
 4.30800E+02
 4.31100E+02
 4.31900E+02
 4.32200E+02
 4.31400E+02
 4.30900E+02
 4.31200E+02
 4.33400E+02
 4.68600E+02
 5.01100E+02
 4.51100E+02
 4.31400E+02
 4.30500E+02
 4.32000E+02
 4.31900E+02
 4.31600E+02
 4.32000E+02
 4.30900E+02
 4.31400E+02
 4.30900E+02
 4.35700E+02
 4.55500E+02
 4.92400E+02
 5.47200E+02
 6.15900E+02
 6.45800E+02
 6.55700E+02
 6.61300E+02
 6.66300E+02
 6.69400E+02
 6.73300E+02
 6.72100E+02
 6.74300E+02
 6.73500E+02
 6.78300E+02
 6.67900E+02
 6.78600E+02
 6.73800E+02
 6.75100E+02
 6.75700E+02
 6.79800E+02
 6.79500E+02
 6.84100E+02
 6.85700E+02
 6.90200E+02
 6.96600E+02
 6.99200E+02
 7.12100E+02
 7.26200E+02
 7.47000E+02
 7.78400E+02
 8.02300E+02
 8.21700E+02
 8.19400E+02
 7.96300E+02
 7.84800E+02
 7.67600E+02
 7.55800E+02
 7.46400E+02
 7.45200E+02
 7.57900E+02
 7.63200E+02
 7.67700E+02
 7.78600E+02
 7.75100E+02
 7.76500E+02
 7.78300E+02
 7.63100E+02
 7.49000E+02
 7.45300E+02
 7.32300E+02
 7.19900E+02
 7.10300E+02
 7.09000E+02
 7.06000E+02
 6.98300E+02
 6.94200E+02
 6.93600E+02
 6.91600E+02
 6.82200E+02
 6.86800E+02
 6.93600E+02
 6.85500E+02
 6.88400E+02
 6.90600E+02
 6.85600E+02
 6.87900E+02
 6.95200E+02
 6.90000E+02
 6.88900E+02
 6.91900E+02
 6.88100E+02
 6.87000E+02
 6.86300E+02
 6.83900E+02
 6.77200E+02
 6.76900E+02
 6.76000E+02
 6.75700E+02
 6.85700E+02
 6.72600E+02
 6.78700E+02
 6.81400E+02
 6.81000E+02
 6.74800E+02
 6.76300E+02
 6.81300E+02
 6.82700E+02
 6.78800E+02
 6.84400E+02
 6.87000E+02
 6.79900E+02
 6.85400E+02
 6.80300E+02
 6.87100E+02
 6.81400E+02
 6.80200E+02
 6.80500E+02
 6.78300E+02
 6.84400E+02
 6.87900E+02
 6.84000E+02
 6.81500E+02
 6.83500E+02
 6.82200E+02
 6.85200E+02
 6.89900E+02
 6.90600E+02
 6.83800E+02
 6.88000E+02
 6.88400E+02
 6.87000E+02
 6.87000E+02
 6.87100E+02
 6.96400E+02
 6.90800E+02
 6.89200E+02
 6.93500E+02
 6.93400E+02
 6.90000E+02
 6.89300E+02
 6.88000E+02
 6.90500E+02
 6.85600E+02
 6.86100E+02
 6.83400E+02
 6.91000E+02
 6.87200E+02
 6.84900E+02
 6.83200E+02
 6.82600E+02
 6.86600E+02
 6.82800E+02
 6.80600E+02
 6.78200E+02
 6.77400E+02
 6.88000E+02
 6.84500E+02
 6.85200E+02
 6.79800E+02
 6.75300E+02
 6.82200E+02
 6.79200E+02
 6.75800E+02
 6.82300E+02
 6.78500E+02
 6.77700E+02
 6.79400E+02
 6.76500E+02
 6.81600E+02
 6.77600E+02
 6.75400E+02
 6.76300E+02
 6.74200E+02
 6.85400E+02
 6.78700E+02
 6.80800E+02
 6.85400E+02
 6.80600E+02
 6.80300E+02
 6.83200E+02
 6.84100E+02
 6.82900E+02
 6.82000E+02
 6.80400E+02
 6.78900E+02
 6.74600E+02
 6.77100E+02
 6.79800E+02
 6.78600E+02
 6.78500E+02
 6.89000E+02
 6.75900E+02
 6.81800E+02
 6.78500E+02
 6.84500E+02
 6.83700E+02
 6.82800E+02
 6.87000E+02
 6.79700E+02
 6.82400E+02
 6.82700E+02
 6.81700E+02
 6.87300E+02
 6.84400E+02
 6.85300E+02
 6.81100E+02
 6.82400E+02
 6.83700E+02
 6.83000E+02
 6.83800E+02
 6.84700E+02
 6.85400E+02
 6.82000E+02
 6.85700E+02
 6.81600E+02
 6.83700E+02
 6.83200E+02
 6.86300E+02
 6.87500E+02
 6.87600E+02
 6.90900E+02
 6.95000E+02
 6.97400E+02
 6.88700E+02
 6.90600E+02
 6.91300E+02
 6.90900E+02
 6.94700E+02
 6.90400E+02
 6.87000E+02
 6.91700E+02
 6.88600E+02
 6.93600E+02
 6.92200E+02
 6.89900E+02
 6.92400E+02
 6.95900E+02
 6.96900E+02
 6.86900E+02
 6.94300E+02
 6.96400E+02
 6.95700E+02
 7.05300E+02
 6.98100E+02
 7.01500E+02
 7.00500E+02
 7.00700E+02
 7.00700E+02
 7.02200E+02
 7.02900E+02
 6.99900E+02
 7.01800E+02
 7.08200E+02
 7.06700E+02
 7.02600E+02
 7.02700E+02
 7.06400E+02
 7.05500E+02
 7.05100E+02
 7.12400E+02
 7.01900E+02
 7.02600E+02
 7.10800E+02
 7.08300E+02
 7.12300E+02
 7.09900E+02
 7.09000E+02
 7.13900E+02
 7.13200E+02
 7.09300E+02
 7.16800E+02
 7.15900E+02
 7.14700E+02
 7.16800E+02
 7.15000E+02
 7.18100E+02
 7.24500E+02
 7.24600E+02
 7.22200E+02
 7.28700E+02
 7.30400E+02
 7.21500E+02
 7.28700E+02
 7.31600E+02
 7.26300E+02
 7.26600E+02
 7.36300E+02
 7.35000E+02
 7.28500E+02
 7.32600E+02
 7.28800E+02
 7.34300E+02
 7.33300E+02
 7.30300E+02
 7.27800E+02
 7.33600E+02
 7.28600E+02
 7.27800E+02
 7.38400E+02
 7.31300E+02
 7.37400E+02
 7.33900E+02
 7.29100E+02
 7.32100E+02
 7.32600E+02
 7.34300E+02
 7.38900E+02
 7.38900E+02
 7.41900E+02
 7.39200E+02
 7.38300E+02
 7.39300E+02
 7.43500E+02
 7.46000E+02
 7.39400E+02
 7.42500E+02
 7.38600E+02
 7.41900E+02
 7.44800E+02
 7.42100E+02
 7.40100E+02
 7.42200E+02
 7.36900E+02
 7.45200E+02
 7.40200E+02
 7.44100E+02
 7.45200E+02
 7.39300E+02
 7.44800E+02
 7.47300E+02
 7.52100E+02
 7.40500E+02
 7.43400E+02
 7.43400E+02
 7.50200E+02
 7.51900E+02
 7.49900E+02
 7.49000E+02
 7.51700E+02
 7.55100E+02
 7.49500E+02
 7.52500E+02
 7.56300E+02
 7.52800E+02
 7.62400E+02
 7.54300E+02
 7.53400E+02
 7.61400E+02
 7.52900E+02
 7.50400E+02
 7.59700E+02
 7.57700E+02
 7.58400E+02
 7.61400E+02
 7.55700E+02
 7.59000E+02
 7.59500E+02
 7.65200E+02
 7.70300E+02
 7.54900E+02
 7.68500E+02
 7.63500E+02
 7.63600E+02
 7.61600E+02
 7.67600E+02
 7.63900E+02
 7.62500E+02
 7.71100E+02
 7.71100E+02
 7.75600E+02
 7.74400E+02
 7.73100E+02
 7.71100E+02
 7.70400E+02
 7.75100E+02
 7.73300E+02
 7.76200E+02
 7.83100E+02
 7.74100E+02
 7.77800E+02
 7.78000E+02
 7.78000E+02
 7.85200E+02
 7.77900E+02
 7.74900E+02
 7.80800E+02
 7.81600E+02
 7.77300E+02
 7.87900E+02
 7.82000E+02
 7.84400E+02
 7.83200E+02
 7.77300E+02
 7.88600E+02
 7.87200E+02
 7.93700E+02
 7.90000E+02
 7.88800E+02
 7.80700E+02
 7.94200E+02
 7.95200E+02
 7.99900E+02
 7.94300E+02
 7.98700E+02
 7.95300E+02
 7.95900E+02
 7.94100E+02
 7.95800E+02
 7.97900E+02
 7.94800E+02
 7.99000E+02
 7.98900E+02
 7.97900E+02
 7.98700E+02
 8.01300E+02
 8.05400E+02
 8.00200E+02
 8.05100E+02
 8.10200E+02
 8.06100E+02
 8.00600E+02
 8.10500E+02
 8.06900E+02
 8.13700E+02
 8.17700E+02
 8.13100E+02
 8.24500E+02
 8.13800E+02
 8.19600E+02
 8.21900E+02
 8.17500E+02
 8.16700E+02
 8.21600E+02
 8.15300E+02
 8.15300E+02
 8.21100E+02
 8.19800E+02
 8.18500E+02
 8.23500E+02
 8.25800E+02
 8.21800E+02
 8.21700E+02
 8.14800E+02
 8.29000E+02
 8.25500E+02
 8.25700E+02
 8.25400E+02
 8.26200E+02
 8.36400E+02
 8.29000E+02
 8.32300E+02
 8.27900E+02
 8.36800E+02
 8.35900E+02
 8.34200E+02
 8.38300E+02
 8.37800E+02
 8.42200E+02
 8.33800E+02
 8.44200E+02
 8.42800E+02
 8.46200E+02
 8.41200E+02
 8.45900E+02
 8.44400E+02
 8.47100E+02
 8.50400E+02
 8.40900E+02
 8.57000E+02
 8.45300E+02
 8.48700E+02
 8.48200E+02
 8.49300E+02
 8.47700E+02
 8.42300E+02
 8.47300E+02
 8.50100E+02
 8.51000E+02
 8.54400E+02
 8.48400E+02
 8.46600E+02
 8.53600E+02
 8.51100E+02
 8.56100E+02
 8.60300E+02
 8.63600E+02
 8.62200E+02
 8.59900E+02
 8.62900E+02
 8.69300E+02
 8.64000E+02
 8.63200E+02
 8.70800E+02
 8.61700E+02
 8.63500E+02
 8.76500E+02
 8.74600E+02
 8.71100E+02
 8.68000E+02
 8.74100E+02
 8.71300E+02
 8.84400E+02
 8.81700E+02
 8.78400E+02
 8.71300E+02
 8.79200E+02
 8.74000E+02
 8.77700E+02
 8.82800E+02
 8.81800E+02
 8.84000E+02
 8.77000E+02
 8.82500E+02
 8.85300E+02
 8.87100E+02
 8.85700E+02
 8.94200E+02
 8.93300E+02
 8.80900E+02
 8.96000E+02
 8.97000E+02
 8.94500E+02
 8.96100E+02
 8.97500E+02
 8.96300E+02
 9.00900E+02
 9.01400E+02
 8.99700E+02
 8.99000E+02
 8.98000E+02
 9.07100E+02
 9.00200E+02
 9.05000E+02
 8.98200E+02
 8.96300E+02
 8.99600E+02
 9.05700E+02
 8.94600E+02
 9.08200E+02
 9.07500E+02
 9.03600E+02
 9.11300E+02
 9.04400E+02
 9.11100E+02
 9.13200E+02
 9.08600E+02
 9.20000E+02
 9.21500E+02
 9.14700E+02
 9.18300E+02
 9.21100E+02
 9.12200E+02
 9.21600E+02
 9.17200E+02
 9.18400E+02
 9.20200E+02
 9.20800E+02
 9.13900E+02
 9.16000E+02
 9.24200E+02
 9.26900E+02
 9.27700E+02
 9.18900E+02
 9.26300E+02
 9.22000E+02
 9.30500E+02
 9.25400E+02
 9.40100E+02
 9.25600E+02
 9.31000E+02
 9.34700E+02
 9.38300E+02
 9.28900E+02
 9.37100E+02
 9.45800E+02
 9.35200E+02
 9.44700E+02
 9.36400E+02
 9.39700E+02
 9.40300E+02
 9.39100E+02
 9.47500E+02
 9.40400E+02
 9.43800E+02
 9.44100E+02
 9.47900E+02
 9.52800E+02
 9.50900E+02
 9.49000E+02
 9.46500E+02
 9.55200E+02
 9.53100E+02
 9.54700E+02
 9.51600E+02
 9.45600E+02
 9.60700E+02
 9.56600E+02
 9.51500E+02
 9.54400E+02
 9.51000E+02
 9.58600E+02
 9.61100E+02
 9.58400E+02
 9.56600E+02
 9.64000E+02
 9.71400E+02
 9.59100E+02
 9.71700E+02
 9.74500E+02
 9.66300E+02
 9.67300E+02
 9.69900E+02
 9.77200E+02
 9.58100E+02
 9.71800E+02
 9.69500E+02
 9.64500E+02
 9.72400E+02
 9.69500E+02
 9.82100E+02
 9.79400E+02
 9.72200E+02
 9.81600E+02
 9.74300E+02
 9.82400E+02
 9.73200E+02
 9.77200E+02
 9.80400E+02
 9.89200E+02
 9.73400E+02
 9.78200E+02
 9.87800E+02
 9.91600E+02
 9.90800E+02
 9.90700E+02
 9.78800E+02
 9.92000E+02
 9.95000E+02
 9.96600E+02
 9.93200E+02
 9.95600E+02
 9.90700E+02
 9.90600E+02
 9.99500E+02
 1.00150E+03
 1.01150E+03
 9.86500E+02
 9.98500E+02
 1.00360E+03
 1.00370E+03
 1.00970E+03
 1.00640E+03
 1.01020E+03
 1.01290E+03
 1.00510E+03
 1.00580E+03
 1.02280E+03
 1.00800E+03
 1.00990E+03
 1.01800E+03
 1.01220E+03
 1.01980E+03
 1.02270E+03
 1.01430E+03
 1.01890E+03
 1.02920E+03
 1.02060E+03
 1.02370E+03
 1.02770E+03
 1.02750E+03
 1.03640E+03
 1.02230E+03
 1.04080E+03
 1.02490E+03
 1.02510E+03
 1.03380E+03
 1.02680E+03
 1.03260E+03
 1.02530E+03
 1.03610E+03
 1.03040E+03
 1.03200E+03
 1.03260E+03
 1.03560E+03
 1.03160E+03
 1.04160E+03
 1.03610E+03
 1.03920E+03
 1.03330E+03
 1.03810E+03
 1.03900E+03
 1.04190E+03
 1.04760E+03
 1.04920E+03
 1.04830E+03
 1.04530E+03
 1.04700E+03
 1.06070E+03
 1.05210E+03
 1.04640E+03
 1.05040E+03
 1.04750E+03
 1.05410E+03
 1.05210E+03
 1.05110E+03
 1.05330E+03
 1.05750E+03
 1.05930E+03
 1.06420E+03
 1.05850E+03
 1.06850E+03
 1.06570E+03
 1.05900E+03
 1.06490E+03
 1.05470E+03
 1.06790E+03
 1.05890E+03
 1.05480E+03
 1.06610E+03
 1.06250E+03
 1.06930E+03
 1.06270E+03
 1.06640E+03
 1.07700E+03
 1.06570E+03
 1.06420E+03
 1.07450E+03
 1.07520E+03
 1.05860E+03
 1.07190E+03
 1.07420E+03
 1.09250E+03
 1.08330E+03
 1.08120E+03
 1.07910E+03
 1.08740E+03
 1.07910E+03
 1.08360E+03
 1.08190E+03
 1.07340E+03
 1.08260E+03
 1.08080E+03
 1.09140E+03
 1.08730E+03
 1.09410E+03
 1.08190E+03
 1.09200E+03
 1.09590E+03
 1.08490E+03
 1.08850E+03
 1.09700E+03
 1.09310E+03
 1.09090E+03
 1.10070E+03
 1.09750E+03
 1.10440E+03
 1.09670E+03
 1.09540E+03
 1.09970E+03
 1.09700E+03
 1.09660E+03
 1.10470E+03
 1.10480E+03
 1.10200E+03
 1.10740E+03
 1.10680E+03
 1.10280E+03
 1.10470E+03
 1.11450E+03
 1.11190E+03
 1.11690E+03
 1.10950E+03
 1.11500E+03
 1.10930E+03
 1.11250E+03
 1.10480E+03
 1.11350E+03
 1.11480E+03
 1.11750E+03
 1.11340E+03
 1.12250E+03
 1.11740E+03
 1.12160E+03
 1.12840E+03
 1.12650E+03
 1.13170E+03
 1.13200E+03
 1.13260E+03
 1.13310E+03
 1.13250E+03
 1.13560E+03
 1.12810E+03
 1.12930E+03
 1.13290E+03
 1.13410E+03
 1.14230E+03
 1.13130E+03
 1.13960E+03
 1.13730E+03
 1.13980E+03
 1.13740E+03
 1.13970E+03
 1.14260E+03
 1.14470E+03
 1.14920E+03
 1.13970E+03
 1.13990E+03
 1.14320E+03
 1.13890E+03
 1.13520E+03
 1.14120E+03
 1.15290E+03
 1.15060E+03
 1.14690E+03
 1.14010E+03
 1.15700E+03
 1.15570E+03
 1.15380E+03
 1.14790E+03
 1.15740E+03
 1.15280E+03
 1.15330E+03
 1.14420E+03
 1.15820E+03
 1.15390E+03
 1.16290E+03
 1.15950E+03
 1.15740E+03
 1.16290E+03
 1.16070E+03
 1.16650E+03
 1.16150E+03
 1.15920E+03
 1.15960E+03
 1.16750E+03
 1.17500E+03
 1.17250E+03
 1.17360E+03
 1.16870E+03
 1.15640E+03
 1.17980E+03
 1.16670E+03
 1.16810E+03
 1.16990E+03
 1.17640E+03
 1.17310E+03
 1.17580E+03
 1.18240E+03
 1.17330E+03
 1.18520E+03
 1.17190E+03
 1.17720E+03
 1.17990E+03
 1.18280E+03
 1.18180E+03
 1.19130E+03
 1.18970E+03
 1.17990E+03
 1.18820E+03
 1.18480E+03
 1.18630E+03
 1.18950E+03
 1.19600E+03
 1.19230E+03
 1.19820E+03
 1.18570E+03
 1.19490E+03
 1.19320E+03
 1.18690E+03
 1.19440E+03
 1.20500E+03
 1.19330E+03
 1.19440E+03
 1.19560E+03
 1.20530E+03
 1.20130E+03
 1.20390E+03
 1.20780E+03
 1.20090E+03
 1.19820E+03
 1.20520E+03
 1.20800E+03
 1.20610E+03
 1.20510E+03
 1.20980E+03
 1.20520E+03
 1.19890E+03
 1.20560E+03
 1.21290E+03
 1.20790E+03
 1.21030E+03
 1.19740E+03
 1.21210E+03
 1.20490E+03
 1.22040E+03
 1.20560E+03
 1.21420E+03
 1.21280E+03
 1.21400E+03
 1.21430E+03
 1.21570E+03
 1.22930E+03
 1.21910E+03
 1.22790E+03
 1.23210E+03
 1.23030E+03
 1.23480E+03
 1.22460E+03
 1.23410E+03
 1.22380E+03
 1.22300E+03
 1.24200E+03
 1.23060E+03
 1.23190E+03
 1.24520E+03
 1.23460E+03
 1.24340E+03
 1.22960E+03
 1.23870E+03
 1.23170E+03
 1.23090E+03
 1.23790E+03
 1.23360E+03
 1.23450E+03
 1.23710E+03
 1.25090E+03
 1.24390E+03
 1.24350E+03
 1.23810E+03
 1.24640E+03
 1.25020E+03
 1.24820E+03
 1.25310E+03
 1.25910E+03
 1.24880E+03
 1.25850E+03
 1.25580E+03
 1.24320E+03
 1.24250E+03
 1.23310E+03
 1.23810E+03
 1.24920E+03
 1.26160E+03
 1.26400E+03
 1.25930E+03
 1.25740E+03
 1.27760E+03
 1.25620E+03
 1.27000E+03
 1.26920E+03
 1.25760E+03
 1.25790E+03
 1.26390E+03
 1.27700E+03
 1.26230E+03
 1.26420E+03
 1.27190E+03
 1.25970E+03
 1.25810E+03
 1.26830E+03
 1.27960E+03
 1.27060E+03
 1.27290E+03
 1.26570E+03
 1.26710E+03
 1.27650E+03
 1.27380E+03
 1.27090E+03
 1.28170E+03
 1.28160E+03
 1.27940E+03
 1.27990E+03
 1.27750E+03
 1.29050E+03
 1.28180E+03
 1.28460E+03
 1.29150E+03
 1.28270E+03
 1.27930E+03
 1.28360E+03
 1.29150E+03
 1.29280E+03
 1.28750E+03
 1.28920E+03
 1.28430E+03
 1.29280E+03
 1.28480E+03
 1.28820E+03
 1.28890E+03
 1.27750E+03
 1.28850E+03
 1.29140E+03
 1.29920E+03
 1.29270E+03
 1.30280E+03
 1.29940E+03
 1.29140E+03
 1.29460E+03
 1.28330E+03
 1.28980E+03
 1.30370E+03
 1.29800E+03
 1.30360E+03
 1.29230E+03
