-1.41512E+02
-1.36624E+02
-1.31740E+02
-1.26858E+02
-1.21979E+02
-1.17103E+02
-1.12230E+02
-1.07360E+02
-1.02492E+02
-9.76276E+01
-9.27658E+01
-8.79068E+01
-8.30507E+01
-7.81973E+01
-7.33468E+01
-6.84991E+01
-6.36542E+01
-5.88121E+01
-5.39728E+01
-4.91363E+01
-4.43027E+01
-3.94718E+01
-3.46437E+01
-2.98184E+01
-2.49959E+01
-2.01762E+01
-1.53593E+01
-1.05452E+01
-5.73382E+00
-9.25240E-01
 3.88056E+00
 8.68360E+00
 1.34839E+01
 1.82814E+01
 2.30761E+01
 2.78681E+01
 3.26573E+01
 3.74438E+01
 4.22275E+01
 4.70084E+01
 5.17866E+01
 5.65621E+01
 6.13348E+01
 6.61048E+01
 7.08721E+01
 7.56366E+01
 8.03984E+01
 8.51575E+01
 8.99138E+01
 9.46674E+01
 9.94183E+01
 1.04166E+02
 1.08912E+02
 1.13655E+02
 1.18395E+02
 1.23132E+02
 1.27867E+02
 1.32599E+02
 1.37328E+02
 1.42054E+02
 1.46778E+02
 1.51499E+02
 1.56218E+02
 1.60934E+02
 1.65647E+02
 1.70357E+02
 1.75065E+02
 1.79770E+02
 1.84473E+02
 1.89172E+02
 1.93869E+02
 1.98564E+02
 2.03255E+02
 2.07945E+02
 2.12631E+02
 2.17315E+02
 2.21996E+02
 2.26674E+02
 2.31350E+02
 2.36023E+02
 2.40694E+02
 2.45362E+02
 2.50027E+02
 2.54690E+02
 2.59350E+02
 2.64007E+02
 2.68662E+02
 2.73314E+02
 2.77964E+02
 2.82611E+02
 2.87255E+02
 2.91897E+02
 2.96536E+02
 3.01172E+02
 3.05806E+02
 3.10437E+02
 3.15066E+02
 3.19692E+02
 3.24315E+02
 3.28936E+02
 3.33555E+02
 3.38170E+02
 3.42783E+02
 3.47394E+02
 3.52002E+02
 3.56607E+02
 3.61210E+02
 3.65810E+02
 3.70408E+02
 3.75003E+02
 3.79596E+02
 3.84186E+02
 3.88773E+02
 3.93358E+02
 3.97940E+02
 4.02520E+02
 4.07097E+02
 4.11672E+02
 4.16244E+02
 4.20813E+02
 4.25380E+02
 4.29945E+02
 4.34507E+02
 4.39066E+02
 4.43623E+02
 4.48178E+02
 4.52729E+02
 4.57279E+02
 4.61826E+02
 4.66370E+02
 4.70912E+02
 4.75451E+02
 4.79988E+02
 4.84522E+02
 4.89054E+02
 4.93583E+02
 4.98110E+02
 5.02634E+02
 5.07156E+02
 5.11675E+02
 5.16192E+02
 5.20706E+02
 5.25218E+02
 5.29727E+02
 5.34234E+02
 5.38738E+02
 5.43240E+02
 5.47739E+02
 5.52236E+02
 5.56731E+02
 5.61223E+02
 5.65712E+02
 5.70199E+02
 5.74684E+02
 5.79166E+02
 5.83645E+02
 5.88123E+02
 5.92597E+02
 5.97070E+02
 6.01540E+02
 6.06007E+02
 6.10472E+02
 6.14935E+02
 6.19395E+02
 6.23852E+02
 6.28308E+02
 6.32760E+02
 6.37211E+02
 6.41659E+02
 6.46104E+02
 6.50547E+02
 6.54988E+02
 6.59426E+02
 6.63862E+02
 6.68296E+02
 6.72727E+02
 6.77155E+02
 6.81582E+02
 6.86005E+02
 6.90427E+02
 6.94846E+02
 6.99262E+02
 7.03677E+02
 7.08089E+02
 7.12498E+02
 7.16905E+02
 7.21310E+02
 7.25712E+02
 7.30112E+02
 7.34509E+02
 7.38905E+02
 7.43297E+02
 7.47688E+02
 7.52076E+02
 7.56462E+02
 7.60845E+02
 7.65226E+02
 7.69604E+02
 7.73981E+02
 7.78355E+02
 7.82726E+02
 7.87095E+02
 7.91462E+02
 7.95827E+02
 8.00189E+02
 8.04548E+02
 8.08906E+02
 8.13261E+02
 8.17614E+02
 8.21964E+02
 8.26312E+02
 8.30658E+02
 8.35002E+02
 8.39343E+02
 8.43681E+02
 8.48018E+02
 8.52352E+02
 8.56684E+02
 8.61013E+02
 8.65341E+02
 8.69666E+02
 8.73988E+02
 8.78308E+02
 8.82626E+02
 8.86942E+02
 8.91255E+02
 8.95567E+02
 8.99875E+02
 9.04182E+02
 9.08486E+02
 9.12788E+02
 9.17088E+02
 9.21385E+02
 9.25680E+02
 9.29973E+02
 9.34263E+02
 9.38551E+02
 9.42837E+02
 9.47121E+02
 9.51402E+02
 9.55682E+02
 9.59958E+02
 9.64233E+02
 9.68505E+02
 9.72775E+02
 9.77043E+02
 9.81309E+02
 9.85572E+02
 9.89833E+02
 9.94092E+02
 9.98349E+02
 1.00260E+03
 1.00685E+03
 1.01110E+03
 1.01535E+03
 1.01960E+03
 1.02384E+03
 1.02808E+03
 1.03232E+03
 1.03656E+03
 1.04079E+03
 1.04502E+03
 1.04925E+03
 1.05348E+03
 1.05771E+03
 1.06193E+03
 1.06615E+03
 1.07037E+03
 1.07458E+03
 1.07880E+03
 1.08301E+03
 1.08722E+03
 1.09143E+03
 1.09563E+03
 1.09984E+03
 1.10404E+03
 1.10824E+03
 1.11243E+03
 1.11663E+03
 1.12082E+03
 1.12501E+03
 1.12920E+03
 1.13338E+03
 1.13757E+03
 1.14175E+03
 1.14593E+03
 1.15010E+03
 1.15428E+03
 1.15845E+03
 1.16262E+03
 1.16679E+03
 1.17096E+03
 1.17512E+03
 1.17928E+03
 1.18344E+03
 1.18760E+03
 1.19176E+03
 1.19591E+03
 1.20006E+03
 1.20421E+03
 1.20836E+03
 1.21250E+03
 1.21664E+03
 1.22078E+03
 1.22492E+03
 1.22906E+03
 1.23319E+03
 1.23732E+03
 1.24145E+03
 1.24558E+03
 1.24970E+03
 1.25383E+03
 1.25795E+03
 1.26207E+03
 1.26618E+03
 1.27030E+03
 1.27441E+03
 1.27852E+03
 1.28263E+03
 1.28674E+03
 1.29084E+03
 1.29494E+03
 1.29904E+03
 1.30314E+03
 1.30724E+03
 1.31133E+03
 1.31542E+03
 1.31951E+03
 1.32360E+03
 1.32768E+03
 1.33177E+03
 1.33585E+03
 1.33993E+03
 1.34400E+03
 1.34808E+03
 1.35215E+03
 1.35622E+03
 1.36029E+03
 1.36436E+03
 1.36842E+03
 1.37248E+03
 1.37654E+03
 1.38060E+03
 1.38466E+03
 1.38871E+03
 1.39276E+03
 1.39681E+03
 1.40086E+03
 1.40491E+03
 1.40895E+03
 1.41299E+03
 1.41703E+03
 1.42107E+03
 1.42511E+03
 1.42914E+03
 1.43317E+03
 1.43720E+03
 1.44123E+03
 1.44525E+03
 1.44928E+03
 1.45330E+03
 1.45732E+03
 1.46133E+03
 1.46535E+03
 1.46936E+03
 1.47337E+03
 1.47738E+03
 1.48139E+03
 1.48539E+03
 1.48940E+03
 1.49340E+03
 1.49740E+03
 1.50139E+03
 1.50539E+03
 1.50938E+03
 1.51337E+03
 1.51736E+03
 1.52135E+03
 1.52533E+03
 1.52932E+03
 1.53330E+03
 1.53728E+03
 1.54125E+03
 1.54523E+03
 1.54920E+03
 1.55317E+03
 1.55714E+03
 1.56111E+03
 1.56507E+03
 1.56903E+03
 1.57300E+03
 1.57695E+03
 1.58091E+03
 1.58487E+03
 1.58882E+03
 1.59277E+03
 1.59672E+03
 1.60067E+03
 1.60461E+03
 1.60855E+03
 1.61250E+03
 1.61643E+03
 1.62037E+03
 1.62431E+03
 1.62824E+03
 1.63217E+03
 1.63610E+03
 1.64003E+03
 1.64395E+03
 1.64788E+03
 1.65180E+03
 1.65572E+03
 1.65964E+03
 1.66355E+03
 1.66747E+03
 1.67138E+03
 1.67529E+03
 1.67919E+03
 1.68310E+03
 1.68700E+03
 1.69091E+03
 1.69481E+03
 1.69871E+03
 1.70260E+03
 1.70650E+03
 1.71039E+03
 1.71428E+03
 1.71817E+03
 1.72205E+03
 1.72594E+03
 1.72982E+03
 1.73370E+03
 1.73758E+03
 1.74146E+03
 1.74533E+03
 1.74921E+03
 1.75308E+03
 1.75695E+03
 1.76082E+03
 1.76468E+03
 1.76855E+03
 1.77241E+03
 1.77627E+03
 1.78013E+03
 1.78398E+03
 1.78784E+03
 1.79169E+03
 1.79554E+03
 1.79939E+03
 1.80323E+03
 1.80708E+03
 1.81092E+03
 1.81476E+03
 1.81860E+03
 1.82244E+03
 1.82627E+03
 1.83011E+03
 1.83394E+03
 1.83777E+03
 1.84160E+03
 1.84542E+03
 1.84925E+03
 1.85307E+03
 1.85689E+03
 1.86071E+03
 1.86453E+03
 1.86834E+03
 1.87215E+03
 1.87596E+03
 1.87977E+03
 1.88358E+03
 1.88739E+03
 1.89119E+03
 1.89499E+03
 1.89879E+03
 1.90259E+03
 1.90639E+03
 1.91018E+03
 1.91397E+03
 1.91776E+03
 1.92155E+03
 1.92534E+03
 1.92913E+03
 1.93291E+03
 1.93669E+03
 1.94047E+03
 1.94425E+03
 1.94802E+03
 1.95180E+03
 1.95557E+03
 1.95934E+03
 1.96311E+03
 1.96688E+03
 1.97064E+03
 1.97441E+03
 1.97817E+03
 1.98193E+03
 1.98569E+03
 1.98944E+03
 1.99320E+03
 1.99695E+03
 2.00070E+03
 2.00445E+03
 2.00819E+03
 2.01194E+03
 2.01568E+03
 2.01942E+03
 2.02316E+03
 2.02690E+03
 2.03064E+03
 2.03437E+03
 2.03811E+03
 2.04184E+03
 2.04557E+03
 2.04929E+03
 2.05302E+03
 2.05674E+03
 2.06046E+03
 2.06418E+03
 2.06790E+03
 2.07162E+03
 2.07533E+03
 2.07905E+03
 2.08276E+03
 2.08647E+03
 2.09018E+03
 2.09388E+03
 2.09759E+03
 2.10129E+03
 2.10499E+03
 2.10869E+03
 2.11238E+03
 2.11608E+03
 2.11977E+03
 2.12347E+03
 2.12716E+03
 2.13084E+03
 2.13453E+03
 2.13821E+03
 2.14190E+03
 2.14558E+03
 2.14926E+03
 2.15294E+03
 2.15661E+03
 2.16029E+03
 2.16396E+03
 2.16763E+03
 2.17130E+03
 2.17497E+03
 2.17863E+03
 2.18230E+03
 2.18596E+03
 2.18962E+03
 2.19328E+03
 2.19693E+03
 2.20059E+03
 2.20424E+03
 2.20789E+03
 2.21154E+03
 2.21519E+03
 2.21884E+03
 2.22248E+03
 2.22613E+03
 2.22977E+03
 2.23341E+03
 2.23705E+03
 2.24068E+03
 2.24432E+03
 2.24795E+03
 2.25158E+03
 2.25521E+03
 2.25884E+03
 2.26246E+03
 2.26609E+03
 2.26971E+03
 2.27333E+03
 2.27695E+03
 2.28057E+03
 2.28418E+03
 2.28780E+03
 2.29141E+03
 2.29502E+03
 2.29863E+03
 2.30224E+03
 2.30584E+03
 2.30945E+03
 2.31305E+03
 2.31665E+03
 2.32025E+03
 2.32384E+03
 2.32744E+03
 2.33103E+03
 2.33463E+03
 2.33822E+03
 2.34181E+03
 2.34539E+03
 2.34898E+03
 2.35256E+03
 2.35614E+03
 2.35972E+03
 2.36330E+03
 2.36688E+03
 2.37046E+03
 2.37403E+03
 2.37760E+03
 2.38117E+03
 2.38474E+03
 2.38831E+03
 2.39187E+03
 2.39544E+03
 2.39900E+03
 2.40256E+03
 2.40612E+03
 2.40968E+03
 2.41323E+03
 2.41678E+03
 2.42034E+03
 2.42389E+03
 2.42744E+03
 2.43098E+03
 2.43453E+03
 2.43807E+03
 2.44162E+03
 2.44516E+03
 2.44870E+03
 2.45223E+03
 2.45577E+03
 2.45930E+03
 2.46284E+03
 2.46637E+03
 2.46990E+03
 2.47342E+03
 2.47695E+03
 2.48047E+03
 2.48400E+03
 2.48752E+03
 2.49104E+03
 2.49455E+03
 2.49807E+03
 2.50159E+03
 2.50510E+03
 2.50861E+03
 2.51212E+03
 2.51563E+03
 2.51913E+03
 2.52264E+03
 2.52614E+03
 2.52965E+03
 2.53315E+03
 2.53664E+03
 2.54014E+03
 2.54364E+03
 2.54713E+03
 2.55062E+03
 2.55411E+03
 2.55760E+03
 2.56109E+03
 2.56457E+03
 2.56806E+03
 2.57154E+03
 2.57502E+03
 2.57850E+03
 2.58198E+03
 2.58546E+03
 2.58893E+03
 2.59240E+03
 2.59587E+03
 2.59934E+03
 2.60281E+03
 2.60628E+03
 2.60975E+03
 2.61321E+03
 2.61667E+03
 2.62013E+03
 2.62359E+03
 2.62705E+03
 2.63050E+03
 2.63396E+03
 2.63741E+03
 2.64086E+03
 2.64431E+03
 2.64776E+03
 2.65120E+03
 2.65465E+03
 2.65809E+03
 2.66153E+03
 2.66497E+03
 2.66841E+03
 2.67185E+03
 2.67528E+03
 2.67872E+03
 2.68215E+03
 2.68558E+03
 2.68901E+03
 2.69244E+03
 2.69586E+03
 2.69929E+03
 2.70271E+03
 2.70613E+03
 2.70955E+03
 2.71297E+03
 2.71639E+03
 2.71980E+03
 2.72322E+03
 2.72663E+03
 2.73004E+03
 2.73345E+03
 2.73686E+03
 2.74026E+03
 2.74367E+03
 2.74707E+03
 2.75047E+03
 2.75387E+03
 2.75727E+03
 2.76067E+03
 2.76406E+03
 2.76746E+03
 2.77085E+03
 2.77424E+03
 2.77763E+03
 2.78102E+03
 2.78440E+03
 2.78779E+03
 2.79117E+03
 2.79455E+03
 2.79793E+03
 2.80131E+03
 2.80469E+03
 2.80806E+03
 2.81144E+03
 2.81481E+03
 2.81818E+03
 2.82155E+03
 2.82492E+03
 2.82829E+03
 2.83165E+03
 2.83501E+03
 2.83838E+03
 2.84174E+03
 2.84510E+03
 2.84845E+03
 2.85181E+03
 2.85516E+03
 2.85852E+03
 2.86187E+03
 2.86522E+03
 2.86857E+03
 2.87192E+03
 2.87526E+03
 2.87861E+03
 2.88195E+03
 2.88529E+03
 2.88863E+03
 2.89197E+03
 2.89530E+03
 2.89864E+03
 2.90197E+03
 2.90531E+03
 2.90864E+03
 2.91197E+03
 2.91529E+03
 2.91862E+03
 2.92195E+03
 2.92527E+03
 2.92859E+03
 2.93191E+03
 2.93523E+03
 2.93855E+03
 2.94186E+03
 2.94518E+03
 2.94849E+03
 2.95180E+03
 2.95511E+03
 2.95842E+03
 2.96173E+03
 2.96504E+03
 2.96834E+03
 2.97164E+03
 2.97495E+03
 2.97825E+03
 2.98155E+03
 2.98484E+03
 2.98814E+03
 2.99143E+03
 2.99473E+03
 2.99802E+03
 3.00131E+03
 3.00460E+03
 3.00788E+03
 3.01117E+03
 3.01445E+03
 3.01774E+03
 3.02102E+03
 3.02430E+03
 3.02758E+03
 3.03085E+03
 3.03413E+03
 3.03740E+03
 3.04068E+03
 3.04395E+03
 3.04722E+03
 3.05049E+03
 3.05375E+03
 3.05702E+03
 3.06028E+03
 3.06355E+03
 3.06681E+03
 3.07007E+03
 3.07333E+03
 3.07658E+03
 3.07984E+03
 3.08309E+03
 3.08635E+03
 3.08960E+03
 3.09285E+03
 3.09610E+03
 3.09934E+03
 3.10259E+03
 3.10583E+03
 3.10908E+03
 3.11232E+03
 3.11556E+03
 3.11880E+03
 3.12203E+03
 3.12527E+03
 3.12851E+03
 3.13174E+03
 3.13497E+03
 3.13820E+03
 3.14143E+03
 3.14466E+03
 3.14788E+03
 3.15111E+03
 3.15433E+03
 3.15755E+03
 3.16077E+03
 3.16399E+03
 3.16721E+03
 3.17043E+03
 3.17364E+03
 3.17686E+03
 3.18007E+03
 3.18328E+03
 3.18649E+03
 3.18970E+03
 3.19290E+03
 3.19611E+03
 3.19931E+03
 3.20252E+03
 3.20572E+03
 3.20892E+03
 3.21212E+03
 3.21531E+03
 3.21851E+03
 3.22170E+03
 3.22490E+03
 3.22809E+03
 3.23128E+03
 3.23447E+03
 3.23766E+03
 3.24084E+03
 3.24403E+03
 3.24721E+03
 3.25039E+03
 3.25357E+03
 3.25675E+03
 3.25993E+03
 3.26311E+03
 3.26628E+03
 3.26946E+03
 3.27263E+03
 3.27580E+03
 3.27897E+03
 3.28214E+03
 3.28531E+03
 3.28847E+03
 3.29164E+03
 3.29480E+03
 3.29796E+03
 3.30112E+03
 3.30428E+03
 3.30744E+03
 3.31060E+03
 3.31375E+03
 3.31690E+03
 3.32006E+03
 3.32321E+03
 3.32636E+03
 3.32951E+03
 3.33265E+03
 3.33580E+03
 3.33894E+03
 3.34209E+03
 3.34523E+03
 3.34837E+03
 3.35151E+03
 3.35465E+03
 3.35778E+03
 3.36092E+03
 3.36405E+03
 3.36718E+03
 3.37031E+03
 3.37344E+03
 3.37657E+03
 3.37970E+03
 3.38283E+03
 3.38595E+03
 3.38907E+03
 3.39220E+03
 3.39532E+03
 3.39844E+03
 3.40155E+03
 3.40467E+03
 3.40779E+03
 3.41090E+03
 3.41401E+03
 3.41712E+03
 3.42023E+03
 3.42334E+03
 3.42645E+03
 3.42956E+03
 3.43266E+03
 3.43577E+03
 3.43887E+03
 3.44197E+03
 3.44507E+03
 3.44817E+03
 3.45126E+03
 3.45436E+03
 3.45745E+03
 3.46055E+03
 3.46364E+03
 3.46673E+03
 3.46982E+03
 3.47291E+03
 3.47599E+03
 3.47908E+03
 3.48216E+03
 3.48525E+03
 3.48833E+03
 3.49141E+03
 3.49449E+03
 3.49757E+03
 3.50064E+03
 3.50372E+03
 3.50679E+03
 3.50986E+03
 3.51294E+03
 3.51601E+03
 3.51907E+03
 3.52214E+03
 3.52521E+03
 3.52827E+03
 3.53134E+03
 3.53440E+03
 3.53746E+03
 3.54052E+03
 3.54358E+03
 3.54664E+03
 3.54969E+03
 3.55275E+03
 3.55580E+03
 3.55885E+03
 3.56190E+03
 3.56495E+03
 3.56800E+03
 3.57105E+03
 3.57410E+03
 3.57714E+03
 3.58018E+03
 3.58323E+03
 3.58627E+03
 3.58931E+03
 3.59235E+03
 3.59538E+03
 3.59842E+03
 3.60145E+03
 3.60449E+03
 3.60752E+03
 3.61055E+03
 3.61358E+03
 3.61661E+03
 3.61964E+03
 3.62266E+03
 3.62569E+03
 3.62871E+03
 3.63173E+03
 3.63475E+03
 3.63777E+03
 3.64079E+03
 3.64381E+03
 3.64683E+03
 3.64984E+03
 3.65285E+03
 3.65587E+03
 3.65888E+03
 3.66189E+03
 3.66490E+03
 3.66790E+03
 3.67091E+03
 3.67392E+03
 3.67692E+03
 3.67992E+03
 3.68292E+03
 3.68592E+03
 3.68892E+03
 3.69192E+03
 3.69492E+03
 3.69791E+03
 3.70091E+03
 3.70390E+03
 3.70689E+03
 3.70988E+03
 3.71287E+03
 3.71586E+03
 3.71884E+03
 3.72183E+03
 3.72481E+03
 3.72780E+03
 3.73078E+03
 3.73376E+03
 3.73674E+03
 3.73972E+03
 3.74269E+03
