 4.32700E+02
 4.32100E+02
 4.32800E+02
 4.31600E+02
 4.33400E+02
 4.32300E+02
 4.30900E+02
 4.32600E+02
 4.32400E+02
 4.32100E+02
 4.32500E+02
 4.31700E+02
 4.31500E+02
 4.32600E+02
 4.32100E+02
 4.30800E+02
 4.32300E+02
 4.33100E+02
 4.31800E+02
 4.31700E+02
 4.32500E+02
 4.34100E+02
 4.31500E+02
 4.33700E+02
 4.31700E+02
 4.33200E+02
 4.31500E+02
 4.34000E+02
 4.35000E+02
 4.34400E+02
 4.31800E+02
 4.31300E+02
 4.33500E+02
 4.32400E+02
 4.33200E+02
 4.31600E+02
 4.31600E+02
 4.33600E+02
 4.36600E+02
 4.59100E+02
 5.41300E+02
 7.23500E+02
 1.00520E+03
 1.32430E+03
 1.54880E+03
 1.60680E+03
 1.64070E+03
 1.65990E+03
 1.70230E+03
 1.69240E+03
 1.70330E+03
 1.72000E+03
 1.73500E+03
 1.75250E+03
 1.75340E+03
 1.76100E+03
 1.74990E+03
 1.76040E+03
 1.76100E+03
 1.76340E+03
 1.77180E+03
 1.76500E+03
 1.78500E+03
 1.76710E+03
 1.78650E+03
 1.79100E+03
 1.79840E+03
 1.80890E+03
 1.81840E+03
 1.81440E+03
 1.83880E+03
 1.83920E+03
 1.82590E+03
 1.84520E+03
 1.83890E+03
 1.84790E+03
 1.85680E+03
 1.86540E+03
 1.86920E+03
 1.86100E+03
 1.88010E+03
 1.87410E+03
 1.89340E+03
 1.89120E+03
 1.90840E+03
 1.90050E+03
 1.90410E+03
 1.91880E+03
 1.91320E+03
 1.92540E+03
 1.94060E+03
 1.93890E+03
 1.93960E+03
 1.94630E+03
 1.95420E+03
 1.94930E+03
 1.94870E+03
 1.95260E+03
 1.96710E+03
 1.96260E+03
 1.96720E+03
 1.98020E+03
 1.99600E+03
 1.98370E+03
 1.99710E+03
 1.99640E+03
 2.02540E+03
 2.02630E+03
 2.03010E+03
 2.01490E+03
 2.03860E+03
 2.04160E+03
 2.04520E+03
 2.05370E+03
 2.06350E+03
 2.06770E+03
 2.05360E+03
 2.04670E+03
 2.05980E+03
 2.06520E+03
 2.07220E+03
 2.08320E+03
 2.10090E+03
 2.10230E+03
 2.10030E+03
 2.11450E+03
 2.11760E+03
 2.13580E+03
 2.12420E+03
 2.12600E+03
 2.15070E+03
 2.14480E+03
 2.13780E+03
 2.15170E+03
 2.15970E+03
 2.16220E+03
 2.17220E+03
 2.18260E+03
 2.18680E+03
 2.18650E+03
 2.19450E+03
 2.18430E+03
 2.19240E+03
 2.21430E+03
 2.21240E+03
 2.19570E+03
 2.20470E+03
 2.20260E+03
 2.22300E+03
 2.21100E+03
 2.22490E+03
 2.24000E+03
 2.22170E+03
 2.24010E+03
 2.25000E+03
 2.25070E+03
 2.27150E+03
 2.26690E+03
 2.29370E+03
 2.28270E+03
 2.30400E+03
 2.29610E+03
 2.31820E+03
 2.30480E+03
 2.29830E+03
 2.32210E+03
 2.33540E+03
 2.32750E+03
 2.33370E+03
 2.34020E+03
 2.33150E+03
 2.32770E+03
 2.35980E+03
 2.35260E+03
 2.35790E+03
 2.35680E+03
 2.37250E+03
 2.38670E+03
 2.38510E+03
 2.38540E+03
 2.39410E+03
 2.40310E+03
 2.39690E+03
 2.40380E+03
 2.39970E+03
 2.39640E+03
 2.39190E+03
 2.38920E+03
 2.40270E+03
 2.42360E+03
 2.42640E+03
 2.42800E+03
 2.43590E+03
 2.43760E+03
 2.45660E+03
 2.47840E+03
 2.46560E+03
 2.46780E+03
 2.48630E+03
 2.48780E+03
 2.48120E+03
 2.49330E+03
 2.49230E+03
 2.48620E+03
 2.50940E+03
 2.49900E+03
 2.50180E+03
 2.51850E+03
 2.50950E+03
 2.51890E+03
 2.50380E+03
 2.53020E+03
 2.53100E+03
 2.55880E+03
 2.55680E+03
 2.55690E+03
 2.55770E+03
 2.57290E+03
 2.59930E+03
 2.57010E+03
 2.59960E+03
 2.57450E+03
 2.59070E+03
 2.60180E+03
 2.57380E+03
 2.58840E+03
 2.59720E+03
 2.59640E+03
 2.60490E+03
 2.61010E+03
 2.61440E+03
 2.60910E+03
 2.62830E+03
 2.63330E+03
 2.65680E+03
 2.64030E+03
 2.66100E+03
 2.66430E+03
 2.67350E+03
 2.69720E+03
 2.70060E+03
 2.72190E+03
 2.71570E+03
 2.72500E+03
 2.72680E+03
 2.72940E+03
 2.72240E+03
 2.74350E+03
 2.72430E+03
 2.74700E+03
 2.75380E+03
 2.73260E+03
 2.75410E+03
 2.76000E+03
 2.76520E+03
 2.76470E+03
 2.79800E+03
 2.77940E+03
 2.79480E+03
 2.79770E+03
 2.80340E+03
 2.81760E+03
 2.84090E+03
 2.82570E+03
 2.86580E+03
 2.85740E+03
 2.84980E+03
 2.86040E+03
 2.87730E+03
 2.87820E+03
 2.87820E+03
 2.90140E+03
 2.90130E+03
 2.89680E+03
 2.93240E+03
 2.92690E+03
 2.91710E+03
 2.92940E+03
 2.93230E+03
 2.95410E+03
 2.93770E+03
 2.96120E+03
 2.97000E+03
 2.96100E+03
 2.98570E+03
 2.99160E+03
 3.00790E+03
 3.01230E+03
 3.03780E+03
 3.03840E+03
 3.04650E+03
 3.05070E+03
 3.06810E+03
 3.08370E+03
 3.08580E+03
 3.08480E+03
 3.12340E+03
 3.12280E+03
 3.13180E+03
 3.16170E+03
 3.16490E+03
 3.17840E+03
 3.18850E+03
 3.19260E+03
 3.19810E+03
 3.21970E+03
 3.23540E+03
 3.25130E+03
 3.23870E+03
 3.25380E+03
 3.25340E+03
 3.27390E+03
 3.27170E+03
 3.28590E+03
 3.29970E+03
 3.30490E+03
 3.30500E+03
 3.32370E+03
 3.32760E+03
 3.33480E+03
 3.36250E+03
 3.35920E+03
 3.37350E+03
 3.38050E+03
 3.42020E+03
 3.40600E+03
 3.43390E+03
 3.44480E+03
 3.44600E+03
 3.46200E+03
 3.46650E+03
 3.48340E+03
 3.49040E+03
 3.50500E+03
 3.52370E+03
 3.51720E+03
 3.51950E+03
 3.53450E+03
 3.53960E+03
 3.54560E+03
 3.54050E+03
 3.52260E+03
 3.54190E+03
 3.52310E+03
 3.52980E+03
 3.50060E+03
 3.51170E+03
 3.50310E+03
 3.51770E+03
 3.51530E+03
 3.51550E+03
 3.51610E+03
 3.52900E+03
 3.53740E+03
 3.52120E+03
 3.52750E+03
 3.55470E+03
 3.54220E+03
 3.55670E+03
 3.57390E+03
 3.58240E+03
 3.59000E+03
 3.61410E+03
 3.60070E+03
 3.62270E+03
 3.62050E+03
 3.61910E+03
 3.66050E+03
 3.65700E+03
 3.65240E+03
 3.66170E+03
 3.68320E+03
 3.67640E+03
 3.70320E+03
 3.71410E+03
 3.70600E+03
 3.71260E+03
 3.71660E+03
 3.74360E+03
 3.76200E+03
 3.78090E+03
 3.79550E+03
 3.79950E+03
 3.83300E+03
 3.85340E+03
 3.86020E+03
 3.88690E+03
 3.88760E+03
 3.90630E+03
 3.92070E+03
 3.92310E+03
 3.95400E+03
 3.94210E+03
 3.94070E+03
 3.93180E+03
 3.93160E+03
 3.94930E+03
 3.90370E+03
 3.89500E+03
 3.87020E+03
 3.83500E+03
 3.81930E+03
 3.79880E+03
 3.75690E+03
 3.77310E+03
 3.72540E+03
 3.70370E+03
 3.67570E+03
 3.66820E+03
 3.64340E+03
 3.63160E+03
 3.64140E+03
 3.59900E+03
 3.60610E+03
 3.61820E+03
 3.60080E+03
 3.59600E+03
 3.59180E+03
 3.59570E+03
 3.58870E+03
 3.60490E+03
 3.61280E+03
 3.60820E+03
 3.61240E+03
 3.60830E+03
 3.61210E+03
 3.63160E+03
 3.60590E+03
 3.60210E+03
 3.63230E+03
 3.59420E+03
 3.60970E+03
 3.60730E+03
 3.58710E+03
 3.60760E+03
 3.62500E+03
 3.60910E+03
 3.60390E+03
 3.61490E+03
 3.59270E+03
 3.59500E+03
 3.62750E+03
 3.63660E+03
 3.62960E+03
 3.63640E+03
 3.65420E+03
 3.66870E+03
 3.66410E+03
 3.66220E+03
 3.68650E+03
 3.68650E+03
 3.68470E+03
 3.68810E+03
 3.70110E+03
 3.69520E+03
 3.69310E+03
 3.70830E+03
 3.68640E+03
 3.69010E+03
 3.69950E+03
 3.70380E+03
 3.70330E+03
 3.69150E+03
 3.70480E+03
 3.69590E+03
 3.69430E+03
 3.70960E+03
 3.71880E+03
 3.70630E+03
 3.70200E+03
 3.71180E+03
 3.73060E+03
 3.74180E+03
 3.75060E+03
 3.74610E+03
 3.73990E+03
 3.75060E+03
 3.75950E+03
 3.76740E+03
 3.78010E+03
 3.78520E+03
 3.79720E+03
 3.80820E+03
 3.82790E+03
 3.79990E+03
 3.79790E+03
 3.81840E+03
 3.81700E+03
 3.81450E+03
 3.80420E+03
 3.81510E+03
 3.79570E+03
 3.80660E+03
 3.78240E+03
 3.80810E+03
 3.79380E+03
 3.79420E+03
 3.79340E+03
 3.81710E+03
 3.82590E+03
 3.81150E+03
 3.81750E+03
 3.82610E+03
 3.81500E+03
 3.82290E+03
 3.83860E+03
 3.85710E+03
 3.86750E+03
 3.87390E+03
 3.88020E+03
 3.87160E+03
 3.87420E+03
 3.88450E+03
 3.89560E+03
 3.89150E+03
 3.89640E+03
 3.90530E+03
 3.91350E+03
 3.90670E+03
 3.91190E+03
 3.90200E+03
 3.89120E+03
 3.91220E+03
 3.89890E+03
 3.89740E+03
 3.89300E+03
 3.90650E+03
 3.92700E+03
 3.92090E+03
 3.90010E+03
 3.92170E+03
 3.92360E+03
 3.90700E+03
 3.93560E+03
 3.92280E+03
 3.95560E+03
 3.95120E+03
 3.94410E+03
 3.97390E+03
 3.98550E+03
 3.97200E+03
 3.96350E+03
 3.97110E+03
 4.00270E+03
 4.00060E+03
 4.00270E+03
 3.99570E+03
 3.97610E+03
 4.01490E+03
 4.00410E+03
 3.98490E+03
 4.01700E+03
 4.01880E+03
 3.99420E+03
 3.99070E+03
 3.98810E+03
 4.00140E+03
 4.01240E+03
 4.00250E+03
 4.00170E+03
 4.00950E+03
 4.00580E+03
 4.01100E+03
 4.02630E+03
 4.02920E+03
 4.02930E+03
 4.03120E+03
 4.04060E+03
 4.05510E+03
 4.04320E+03
 4.04820E+03
 4.04790E+03
 4.06760E+03
 4.03870E+03
 4.07240E+03
 4.06670E+03
 4.05360E+03
 4.07890E+03
 4.06590E+03
 4.06970E+03
 4.07610E+03
 4.07660E+03
 4.07630E+03
 4.07890E+03
 4.07410E+03
 4.06720E+03
 4.07790E+03
 4.07980E+03
 4.08890E+03
 4.09120E+03
 4.12630E+03
 4.10010E+03
 4.09900E+03
 4.11630E+03
 4.09810E+03
 4.08740E+03
 4.10100E+03
 4.13360E+03
 4.12880E+03
 4.11400E+03
 4.12320E+03
 4.11810E+03
 4.12990E+03
 4.11590E+03
 4.11620E+03
 4.12540E+03
 4.12530E+03
 4.14860E+03
 4.13270E+03
 4.12070E+03
 4.15320E+03
 4.12460E+03
 4.14930E+03
 4.11820E+03
 4.13590E+03
 4.15810E+03
 4.16920E+03
 4.15770E+03
 4.14290E+03
 4.17120E+03
 4.18160E+03
 4.18690E+03
 4.17650E+03
 4.18220E+03
 4.17420E+03
 4.17560E+03
 4.17150E+03
 4.20440E+03
 4.19490E+03
 4.17800E+03
 4.18890E+03
 4.20830E+03
 4.19530E+03
 4.23520E+03
 4.21250E+03
 4.21050E+03
 4.18930E+03
 4.18850E+03
 4.19930E+03
 4.23270E+03
 4.20230E+03
 4.22100E+03
 4.20700E+03
 4.22710E+03
 4.22130E+03
 4.22600E+03
 4.23750E+03
 4.23810E+03
 4.24690E+03
 4.24260E+03
 4.25750E+03
 4.23920E+03
 4.23330E+03
 4.26240E+03
 4.24000E+03
 4.25370E+03
 4.25950E+03
 4.26260E+03
 4.30640E+03
 4.28210E+03
 4.27820E+03
 4.26730E+03
 4.29900E+03
 4.29000E+03
 4.30180E+03
 4.27560E+03
 4.25860E+03
 4.27780E+03
 4.28770E+03
 4.28070E+03
 4.30090E+03
 4.29730E+03
 4.29810E+03
 4.30890E+03
 4.29400E+03
 4.33570E+03
 4.32290E+03
 4.34350E+03
 4.30760E+03
 4.32560E+03
 4.35730E+03
 4.33700E+03
 4.32510E+03
 4.31730E+03
 4.37450E+03
 4.33860E+03
 4.36910E+03
 4.38610E+03
 4.38740E+03
 4.39380E+03
 4.36270E+03
 4.39280E+03
 4.39240E+03
 4.39260E+03
 4.35350E+03
 4.35800E+03
 4.36650E+03
 4.35700E+03
 4.37850E+03
 4.38980E+03
 4.37480E+03
 4.38090E+03
 4.37610E+03
 4.37530E+03
 4.38310E+03
 4.38000E+03
 4.37480E+03
 4.38270E+03
 4.37990E+03
 4.38430E+03
 4.40010E+03
 4.41540E+03
 4.41610E+03
 4.42530E+03
 4.43850E+03
 4.41610E+03
 4.40460E+03
 4.41870E+03
 4.43350E+03
 4.41580E+03
 4.42480E+03
 4.42030E+03
 4.43240E+03
 4.43390E+03
 4.42160E+03
 4.45270E+03
 4.43020E+03
 4.41040E+03
 4.43030E+03
 4.41370E+03
 4.41750E+03
 4.39770E+03
 4.39570E+03
 4.42130E+03
 4.42450E+03
 4.39160E+03
 4.40640E+03
 4.41560E+03
 4.41530E+03
 4.40050E+03
 4.42050E+03
 4.42520E+03
 4.42260E+03
 4.41230E+03
 4.41920E+03
 4.44490E+03
 4.41550E+03
 4.42250E+03
 4.44080E+03
 4.43260E+03
 4.43960E+03
 4.43800E+03
 4.43090E+03
 4.43200E+03
 4.44640E+03
 4.45020E+03
 4.44120E+03
 4.45050E+03
 4.44770E+03
 4.45550E+03
 4.43550E+03
 4.47720E+03
 4.44520E+03
 4.42650E+03
 4.46330E+03
 4.43820E+03
 4.45660E+03
 4.47710E+03
 4.45700E+03
 4.46320E+03
 4.45070E+03
 4.43780E+03
 4.44370E+03
 4.48150E+03
 4.45370E+03
 4.46780E+03
 4.44450E+03
 4.45730E+03
 4.46630E+03
 4.43070E+03
 4.44380E+03
 4.44120E+03
 4.44240E+03
 4.45170E+03
 4.44080E+03
 4.42400E+03
 4.44570E+03
 4.45940E+03
 4.41930E+03
 4.43900E+03
 4.43480E+03
 4.43500E+03
 4.45420E+03
 4.43860E+03
 4.42920E+03
 4.42730E+03
 4.46360E+03
 4.46710E+03
 4.43820E+03
 4.43720E+03
 4.45120E+03
 4.45020E+03
 4.47550E+03
 4.46110E+03
 4.45670E+03
 4.43280E+03
 4.46900E+03
 4.45740E+03
 4.44310E+03
 4.46330E+03
 4.43640E+03
 4.46290E+03
 4.44510E+03
 4.44060E+03
 4.43600E+03
 4.44960E+03
 4.43020E+03
 4.43760E+03
 4.44790E+03
 4.43050E+03
 4.43840E+03
 4.43580E+03
 4.44190E+03
 4.43340E+03
 4.41590E+03
 4.43560E+03
 4.42330E+03
 4.41840E+03
 4.42010E+03
 4.44620E+03
 4.46500E+03
 4.41000E+03
 4.42700E+03
 4.43910E+03
 4.42500E+03
 4.38330E+03
 4.38860E+03
 4.42220E+03
 4.38010E+03
 4.40070E+03
 4.41070E+03
 4.40140E+03
 4.37330E+03
 4.37030E+03
 4.36450E+03
 4.37060E+03
 4.38890E+03
 4.36140E+03
 4.35660E+03
 4.34570E+03
 4.32510E+03
 4.34640E+03
 4.32640E+03
 4.34310E+03
 4.35340E+03
 4.35280E+03
 4.35890E+03
 4.36920E+03
 4.34660E+03
 4.37800E+03
 4.35980E+03
 4.37870E+03
 4.35500E+03
 4.38620E+03
 4.34580E+03
 4.34840E+03
 4.33470E+03
 4.33930E+03
 4.34900E+03
 4.32590E+03
 4.33640E+03
 4.30860E+03
 4.33070E+03
 4.32270E+03
 4.30270E+03
 4.31670E+03
 4.29700E+03
 4.27980E+03
 4.27570E+03
 4.27690E+03
 4.29410E+03
 4.29900E+03
 4.29080E+03
 4.31720E+03
 4.28060E+03
 4.28740E+03
 4.27520E+03
 4.26680E+03
 4.27480E+03
 4.27010E+03
 4.28360E+03
 4.25070E+03
 4.27510E+03
 4.25770E+03
 4.25340E+03
 4.26510E+03
 4.27430E+03
 4.25560E+03
 4.23840E+03
 4.23240E+03
 4.24330E+03
 4.24010E+03
 4.24520E+03
 4.21570E+03
 4.20000E+03
 4.22450E+03
 4.20970E+03
 4.20780E+03
 4.20820E+03
 4.18240E+03
 4.19070E+03
 4.17780E+03
 4.17720E+03
 4.18770E+03
 4.17710E+03
 4.17230E+03
 4.18520E+03
 4.15580E+03
 4.16100E+03
 4.17670E+03
 4.16440E+03
 4.16130E+03
 4.16740E+03
 4.17420E+03
 4.14850E+03
 4.18490E+03
 4.15900E+03
 4.18600E+03
 4.15480E+03
 4.14750E+03
 4.16540E+03
 4.15860E+03
 4.13300E+03
 4.13340E+03
 4.15100E+03
 4.15010E+03
 4.12400E+03
 4.14060E+03
 4.10820E+03
 4.09610E+03
 4.12130E+03
 4.09380E+03
 4.11390E+03
 4.12670E+03
 4.08960E+03
 4.10150E+03
 4.12680E+03
 4.10760E+03
 4.08330E+03
 4.09470E+03
 4.10170E+03
 4.10530E+03
 4.09430E+03
 4.09460E+03
 4.10360E+03
 4.08000E+03
 4.06840E+03
 4.05170E+03
 4.01830E+03
 3.98750E+03
 3.97710E+03
 4.03580E+03
 4.03990E+03
 4.03720E+03
 4.05380E+03
 4.05690E+03
 4.03530E+03
 4.05310E+03
 4.03490E+03
 4.05960E+03
 4.02230E+03
 4.04550E+03
 4.02670E+03
 4.00270E+03
 4.01600E+03
 4.01370E+03
 4.00600E+03
 4.01380E+03
 4.01030E+03
 4.00450E+03
 4.00920E+03
 3.99580E+03
 3.99970E+03
 3.98530E+03
 4.00820E+03
 3.98160E+03
 3.97510E+03
 4.00090E+03
 3.97290E+03
 3.98340E+03
 3.95530E+03
 3.99890E+03
 3.96740E+03
 3.96390E+03
 3.94540E+03
 3.93250E+03
 3.95360E+03
 3.94430E+03
 3.95040E+03
 3.91560E+03
 3.95740E+03
 3.95350E+03
 3.92760E+03
 3.91670E+03
 3.92470E+03
 3.93770E+03
 3.91560E+03
 3.91790E+03
 3.92280E+03
 3.91900E+03
 3.91920E+03
 3.92040E+03
 3.92980E+03
 3.92200E+03
 3.89700E+03
 3.91080E+03
 3.91480E+03
 3.90920E+03
 3.90120E+03
 3.88950E+03
 3.89080E+03
 3.88790E+03
 3.89970E+03
 3.89570E+03
