 4.30600E+02
 4.32200E+02
 4.31400E+02
 4.31600E+02
 4.30800E+02
 4.32200E+02
 4.32200E+02
 4.31800E+02
 4.31400E+02
 4.31700E+02
 4.31700E+02
 4.32000E+02
 4.32800E+02
 4.30800E+02
 4.29900E+02
 4.31600E+02
 4.31600E+02
 4.31300E+02
 4.31300E+02
 4.30200E+02
 4.31100E+02
 4.30900E+02
 4.31900E+02
 4.31400E+02
 4.33000E+02
 4.31900E+02
 4.31600E+02
 4.31800E+02
 4.34400E+02
 4.32800E+02
 4.30600E+02
 4.30900E+02
 4.30900E+02
 4.30300E+02
 4.30900E+02
 4.32300E+02
 4.29300E+02
 4.31700E+02
 4.30800E+02
 4.32400E+02
 4.33800E+02
 4.38000E+02
 4.43700E+02
 4.45600E+02
 4.52600E+02
 4.52400E+02
 4.52600E+02
 4.53100E+02
 4.52900E+02
 4.51300E+02
 4.54400E+02
 4.53600E+02
 4.53700E+02
 4.55200E+02
 4.53900E+02
 4.53100E+02
 4.54000E+02
 4.53800E+02
 4.53700E+02
 4.53900E+02
 4.53800E+02
 4.55800E+02
 4.55600E+02
 4.54600E+02
 4.53200E+02
 4.53700E+02
 4.53700E+02
 4.53900E+02
 4.56500E+02
 4.58700E+02
 4.61000E+02
 4.63700E+02
 4.65700E+02
 4.69100E+02
 4.61400E+02
 4.61100E+02
 4.59900E+02
 4.58700E+02
 4.60100E+02
 4.59700E+02
 4.59400E+02
 4.61200E+02
 4.64700E+02
 4.65000E+02
 4.67000E+02
 4.68000E+02
 4.67300E+02
 4.63500E+02
 4.63700E+02
 4.62100E+02
 4.63600E+02
 4.59800E+02
 4.58200E+02
 4.56600E+02
 4.55100E+02
 4.57100E+02
 4.59100E+02
 4.55600E+02
 4.55300E+02
 4.56900E+02
 4.55900E+02
 4.56400E+02
 4.57400E+02
 4.58100E+02
 4.58600E+02
 4.56200E+02
 4.59900E+02
 4.61000E+02
 4.60500E+02
 4.56700E+02
 4.59000E+02
 4.56200E+02
 4.57700E+02
 4.56500E+02
 4.56500E+02
 4.56600E+02
 4.57600E+02
 4.56100E+02
 4.59500E+02
 4.56000E+02
 4.54900E+02
 4.57900E+02
 4.57800E+02
 4.57700E+02
 4.56300E+02
 4.55100E+02
 4.57400E+02
 4.55300E+02
 4.54200E+02
 4.57300E+02
 4.57600E+02
 4.57000E+02
 4.58000E+02
 4.57600E+02
 4.57300E+02
 4.56500E+02
 4.59800E+02
 4.58200E+02
 4.59800E+02
 4.59400E+02
 4.57700E+02
 4.58900E+02
 4.55600E+02
 4.58300E+02
 4.60400E+02
 4.58600E+02
 4.61500E+02
 4.58700E+02
 4.58100E+02
 4.58100E+02
 4.58800E+02
 4.60200E+02
 4.58100E+02
 4.61500E+02
 4.59700E+02
 4.59100E+02
 4.58800E+02
 4.59700E+02
 4.60000E+02
 4.59400E+02
 4.58500E+02
 4.58600E+02
 4.58600E+02
 4.58200E+02
 4.55500E+02
 4.57000E+02
 4.57900E+02
 4.60200E+02
 4.58300E+02
 4.61000E+02
 4.60200E+02
 4.58900E+02
 4.60000E+02
 4.58000E+02
 4.61100E+02
 4.57300E+02
 4.59700E+02
 4.57800E+02
 4.60000E+02
 4.61100E+02
 4.59400E+02
 4.58500E+02
 4.58700E+02
 4.58700E+02
 4.58500E+02
 4.59700E+02
 4.60400E+02
 4.60100E+02
 4.58600E+02
 4.60700E+02
 4.59600E+02
 4.60100E+02
 4.58000E+02
 4.58900E+02
 4.61800E+02
 4.57300E+02
 4.59900E+02
 4.61800E+02
 4.59400E+02
 4.61400E+02
 4.61000E+02
 4.59900E+02
 4.59400E+02
 4.56300E+02
 4.61800E+02
 4.61600E+02
 4.60400E+02
 4.59000E+02
 4.60400E+02
 4.61700E+02
 4.62200E+02
 4.59300E+02
 4.59400E+02
 4.61000E+02
 4.61900E+02
 4.62300E+02
 4.59200E+02
 4.59200E+02
 4.61100E+02
 4.63400E+02
 4.60500E+02
 4.63200E+02
 4.61400E+02
 4.64000E+02
 4.62900E+02
 4.60400E+02
 4.61600E+02
 4.64000E+02
 4.61200E+02
 4.64500E+02
 4.62200E+02
 4.64300E+02
 4.60700E+02
 4.62900E+02
 4.62900E+02
 4.62300E+02
 4.64200E+02
 4.64500E+02
 4.64500E+02
 4.65700E+02
 4.63400E+02
 4.63000E+02
 4.64000E+02
 4.63000E+02
 4.60400E+02
 4.65200E+02
 4.64200E+02
 4.60500E+02
 4.61700E+02
 4.63900E+02
 4.62600E+02
 4.65700E+02
 4.63800E+02
 4.66000E+02
 4.64200E+02
 4.65500E+02
 4.65400E+02
 4.63100E+02
 4.63600E+02
 4.65300E+02
 4.65500E+02
 4.65500E+02
 4.63900E+02
 4.65800E+02
 4.67900E+02
 4.64700E+02
 4.67400E+02
 4.66100E+02
 4.62900E+02
 4.66700E+02
 4.66800E+02
 4.65300E+02
 4.68600E+02
 4.66000E+02
 4.67700E+02
 4.65600E+02
 4.67500E+02
 4.67000E+02
 4.68100E+02
 4.67500E+02
 4.65600E+02
 4.67200E+02
 4.68300E+02
 4.65900E+02
 4.69300E+02
 4.66400E+02
 4.70400E+02
 4.66600E+02
 4.67600E+02
 4.70700E+02
 4.69000E+02
 4.68300E+02
 4.68400E+02
 4.67800E+02
 4.71000E+02
 4.71000E+02
 4.67600E+02
 4.70800E+02
 4.69600E+02
 4.70300E+02
 4.70100E+02
 4.71800E+02
 4.73300E+02
 4.71700E+02
 4.72200E+02
 4.71500E+02
 4.72800E+02
 4.70400E+02
 4.71500E+02
 4.73100E+02
 4.75100E+02
 4.72400E+02
 4.72700E+02
 4.76000E+02
 4.75900E+02
 4.71500E+02
 4.72100E+02
 4.71300E+02
 4.74400E+02
 4.70700E+02
 4.70700E+02
 4.71900E+02
 4.75900E+02
 4.74600E+02
 4.72100E+02
 4.75600E+02
 4.71700E+02
 4.74600E+02
 4.71900E+02
 4.74100E+02
 4.73400E+02
 4.74200E+02
 4.74500E+02
 4.73100E+02
 4.75100E+02
 4.73300E+02
 4.78000E+02
 4.73200E+02
 4.72900E+02
 4.76900E+02
 4.74500E+02
 4.74500E+02
 4.74300E+02
 4.75300E+02
 4.73600E+02
 4.73500E+02
 4.73800E+02
 4.76400E+02
 4.75400E+02
 4.74500E+02
 4.75000E+02
 4.75900E+02
 4.75300E+02
 4.75500E+02
 4.74800E+02
 4.77700E+02
 4.78700E+02
 4.79000E+02
 4.79400E+02
 4.78200E+02
 4.77800E+02
 4.77200E+02
 4.74900E+02
 4.76600E+02
 4.78000E+02
 4.77000E+02
 4.77700E+02
 4.77500E+02
 4.76100E+02
 4.77200E+02
 4.77900E+02
 4.80900E+02
 4.77600E+02
 4.80200E+02
 4.80400E+02
 4.78400E+02
 4.79300E+02
 4.80100E+02
 4.81300E+02
 4.78100E+02
 4.79300E+02
 4.80700E+02
 4.78600E+02
 4.79900E+02
 4.79300E+02
 4.80900E+02
 4.80200E+02
 4.82900E+02
 4.80800E+02
 4.84100E+02
 4.81700E+02
 4.81200E+02
 4.84400E+02
 4.81700E+02
 4.79400E+02
 4.84100E+02
 4.81700E+02
 4.81300E+02
 4.82100E+02
 4.85700E+02
 4.90000E+02
 4.81500E+02
 4.82000E+02
 4.83700E+02
 4.82000E+02
 4.83100E+02
 4.84700E+02
 4.85700E+02
 4.83100E+02
 4.86200E+02
 4.85200E+02
 4.88700E+02
 4.85100E+02
 4.81400E+02
 4.86000E+02
 4.86500E+02
 4.82700E+02
 4.84500E+02
 4.85500E+02
 4.86300E+02
 4.84400E+02
 4.86600E+02
 4.85200E+02
 4.87800E+02
 4.88600E+02
 4.86900E+02
 4.87600E+02
 4.89200E+02
 4.90400E+02
 4.88900E+02
 4.87900E+02
 4.89100E+02
 4.87000E+02
 4.88600E+02
 4.88000E+02
 4.90200E+02
 4.87900E+02
 4.87700E+02
 4.90900E+02
 4.91200E+02
 4.90400E+02
 4.88600E+02
 4.92100E+02
 4.91500E+02
 4.89500E+02
 4.90100E+02
 4.91000E+02
 4.92800E+02
 4.87800E+02
 4.94300E+02
 4.90500E+02
 4.90600E+02
 4.94300E+02
 4.92300E+02
 4.94000E+02
 4.95800E+02
 4.93000E+02
 4.94400E+02
 4.92100E+02
 4.90900E+02
 4.94800E+02
 4.95100E+02
 4.93300E+02
 4.95800E+02
 4.92600E+02
 4.94800E+02
 4.96400E+02
 4.92000E+02
 4.94200E+02
 4.93100E+02
 4.95800E+02
 4.99200E+02
 4.93300E+02
 4.96700E+02
 4.97000E+02
 4.94400E+02
 4.96500E+02
 4.97300E+02
 5.01600E+02
 4.96600E+02
 4.99800E+02
 5.00200E+02
 4.98100E+02
 4.96300E+02
 4.98200E+02
 4.95300E+02
 4.96400E+02
 4.99900E+02
 4.99300E+02
 5.00800E+02
 4.99000E+02
 4.98900E+02
 5.00100E+02
 5.01400E+02
 5.00400E+02
 4.95900E+02
 5.00900E+02
 4.97600E+02
 5.04000E+02
 5.03100E+02
 5.00400E+02
 5.02000E+02
 5.03900E+02
 5.00700E+02
 5.03300E+02
 5.05300E+02
 5.03200E+02
 5.05500E+02
 5.06100E+02
 5.03300E+02
 5.07000E+02
 5.01500E+02
 5.04600E+02
 5.01500E+02
 5.05600E+02
 5.07400E+02
 5.03000E+02
 5.05400E+02
 5.09500E+02
 5.07400E+02
 5.05400E+02
 5.07100E+02
 5.07800E+02
 5.04500E+02
 5.06500E+02
 5.05900E+02
 5.07900E+02
 5.08500E+02
 5.06800E+02
 5.08600E+02
 5.07700E+02
 5.09200E+02
 5.09400E+02
 5.09100E+02
 5.06900E+02
 5.10300E+02
 5.10500E+02
 5.10600E+02
 5.08900E+02
 5.12200E+02
 5.14100E+02
 5.09700E+02
 5.11800E+02
 5.12300E+02
 5.12800E+02
 5.12600E+02
 5.11200E+02
 5.14600E+02
 5.14900E+02
 5.11900E+02
 5.11400E+02
 5.13100E+02
 5.10700E+02
 5.16000E+02
 5.10400E+02
 5.14800E+02
 5.14500E+02
 5.17300E+02
 5.14800E+02
 5.13300E+02
 5.15200E+02
 5.13900E+02
 5.18200E+02
 5.15000E+02
 5.17500E+02
 5.15900E+02
 5.18900E+02
 5.14400E+02
 5.16500E+02
 5.14600E+02
 5.16000E+02
 5.17900E+02
 5.16100E+02
 5.21100E+02
 5.18300E+02
 5.20200E+02
 5.16600E+02
 5.21800E+02
 5.23000E+02
 5.21900E+02
 5.17600E+02
 5.20500E+02
 5.19400E+02
 5.21800E+02
 5.18900E+02
 5.17100E+02
 5.19900E+02
 5.26000E+02
 5.20900E+02
 5.20300E+02
 5.18600E+02
 5.22700E+02
 5.24700E+02
 5.21100E+02
 5.22900E+02
 5.23500E+02
 5.25700E+02
 5.22600E+02
 5.21300E+02
 5.25700E+02
 5.22200E+02
 5.25900E+02
 5.25400E+02
 5.27800E+02
 5.27500E+02
 5.29500E+02
 5.27700E+02
 5.23400E+02
 5.26100E+02
 5.23600E+02
 5.29600E+02
 5.27800E+02
 5.29000E+02
 5.28500E+02
 5.28100E+02
 5.27100E+02
 5.30000E+02
 5.28800E+02
 5.28400E+02
 5.31800E+02
 5.35100E+02
 5.26700E+02
 5.29100E+02
 5.29300E+02
 5.30800E+02
 5.33100E+02
 5.32800E+02
 5.32800E+02
 5.37800E+02
 5.33800E+02
 5.33500E+02
 5.31500E+02
 5.32700E+02
 5.33400E+02
 5.31700E+02
 5.33300E+02
 5.35100E+02
 5.37600E+02
 5.33700E+02
 5.34800E+02
 5.39000E+02
 5.37000E+02
 5.29000E+02
 5.37900E+02
 5.35000E+02
 5.33000E+02
 5.39000E+02
 5.36000E+02
 5.33000E+02
 5.35700E+02
 5.37000E+02
 5.40500E+02
 5.37000E+02
 5.40300E+02
 5.39300E+02
 5.39200E+02
 5.40900E+02
 5.38200E+02
 5.37000E+02
 5.42600E+02
 5.42700E+02
 5.39600E+02
 5.43100E+02
 5.40900E+02
 5.40400E+02
 5.43500E+02
 5.45600E+02
 5.44600E+02
 5.44000E+02
 5.43900E+02
 5.40300E+02
 5.42900E+02
 5.47100E+02
 5.44400E+02
 5.45000E+02
 5.43000E+02
 5.47000E+02
 5.45100E+02
 5.45800E+02
 5.43200E+02
 5.44900E+02
 5.44800E+02
 5.49100E+02
 5.48500E+02
 5.49400E+02
 5.46700E+02
 5.52000E+02
 5.47900E+02
 5.47100E+02
 5.47500E+02
 5.52700E+02
 5.45400E+02
 5.49300E+02
 5.49100E+02
 5.53200E+02
 5.50700E+02
 5.55200E+02
 5.48900E+02
 5.51900E+02
 5.53300E+02
 5.53600E+02
 5.51600E+02
 5.54500E+02
 5.50300E+02
 5.50900E+02
 5.56300E+02
 5.56400E+02
 5.53900E+02
 5.55800E+02
 5.56300E+02
 5.55700E+02
 5.52800E+02
 5.57900E+02
 5.57000E+02
 5.54400E+02
 5.54900E+02
 5.58500E+02
 5.52200E+02
 5.58200E+02
 5.57800E+02
 5.58500E+02
 5.60900E+02
 5.62300E+02
 5.61800E+02
 5.60600E+02
 5.57900E+02
 5.62600E+02
 5.61100E+02
 5.65600E+02
 5.63400E+02
 5.63600E+02
 5.57800E+02
 5.61900E+02
 5.58600E+02
 5.63300E+02
 5.62900E+02
 5.67000E+02
 5.58700E+02
 5.63900E+02
 5.61900E+02
 5.62100E+02
 5.65400E+02
 5.61900E+02
 5.63800E+02
 5.64700E+02
 5.65800E+02
 5.65500E+02
 5.63700E+02
 5.68100E+02
 5.68200E+02
 5.69900E+02
 5.67500E+02
 5.65700E+02
 5.67800E+02
 5.63300E+02
 5.72700E+02
 5.71600E+02
 5.69200E+02
 5.72300E+02
 5.69900E+02
 5.72100E+02
 5.67500E+02
 5.68300E+02
 5.67700E+02
 5.70300E+02
 5.68900E+02
 5.75900E+02
 5.73300E+02
 5.70000E+02
 5.75800E+02
 5.72900E+02
 5.74100E+02
 5.75800E+02
 5.69700E+02
 5.74500E+02
 5.72500E+02
 5.75000E+02
 5.77200E+02
 5.75700E+02
 5.74000E+02
 5.71400E+02
 5.74000E+02
 5.76200E+02
 5.75700E+02
 5.77700E+02
 5.75400E+02
 5.79800E+02
 5.76800E+02
 5.78700E+02
 5.79200E+02
 5.80300E+02
 5.79700E+02
 5.81100E+02
 5.78900E+02
 5.82000E+02
 5.79400E+02
 5.83400E+02
 5.80000E+02
 5.80700E+02
 5.78600E+02
 5.78600E+02
 5.78700E+02
 5.81300E+02
 5.83200E+02
 5.81300E+02
 5.82000E+02
 5.85600E+02
 5.83400E+02
 5.85600E+02
 5.85500E+02
 5.85800E+02
 5.86100E+02
 5.86800E+02
 5.87200E+02
 5.86800E+02
 5.87100E+02
 5.85800E+02
 5.93800E+02
 5.85300E+02
 5.90400E+02
 5.85300E+02
 5.86100E+02
 5.88500E+02
 5.87000E+02
 5.87700E+02
 5.91200E+02
 5.87100E+02
 5.90100E+02
 5.87000E+02
 5.91800E+02
 5.96800E+02
 5.95000E+02
 5.91100E+02
 5.93800E+02
 5.89400E+02
 5.89500E+02
 5.93900E+02
 5.94900E+02
 5.91600E+02
 5.87100E+02
 5.92300E+02
 5.90700E+02
 5.89900E+02
 5.94900E+02
 5.94500E+02
 5.91400E+02
 5.97500E+02
 5.93600E+02
 5.96000E+02
 6.01200E+02
 5.99500E+02
 5.92800E+02
 6.01600E+02
 5.93400E+02
 5.95200E+02
 5.94900E+02
 5.99800E+02
 5.98200E+02
 5.94500E+02
 6.02900E+02
 6.01400E+02
 6.04000E+02
 5.98300E+02
 6.02600E+02
 5.98200E+02
 6.01000E+02
 6.01900E+02
 6.01700E+02
 5.99300E+02
 5.99500E+02
 6.03700E+02
 6.04100E+02
 5.97500E+02
 6.00600E+02
 6.02600E+02
 6.07500E+02
 6.02800E+02
 6.03500E+02
 6.03200E+02
 6.05200E+02
 6.02000E+02
 6.09600E+02
 6.03000E+02
 6.12400E+02
 6.11000E+02
 6.07400E+02
 6.06100E+02
 6.03500E+02
 6.05000E+02
 6.06600E+02
 6.07500E+02
 6.08400E+02
 6.11400E+02
 6.07800E+02
 6.11100E+02
 6.12200E+02
 6.06200E+02
 6.14600E+02
 6.06100E+02
 6.08600E+02
 6.10400E+02
 6.11200E+02
 6.08300E+02
 6.13100E+02
 6.11200E+02
 6.10000E+02
 6.10300E+02
 6.10900E+02
 6.15700E+02
 6.09200E+02
 6.08400E+02
 6.12000E+02
 6.15800E+02
 6.12500E+02
 6.17100E+02
 6.13500E+02
 6.19000E+02
 6.16800E+02
 6.13500E+02
 6.18000E+02
 6.11900E+02
 6.14300E+02
 6.09600E+02
 6.14900E+02
 6.14300E+02
 6.17300E+02
 6.16500E+02
 6.23600E+02
 6.22200E+02
 6.18200E+02
 6.19600E+02
 6.19100E+02
 6.20100E+02
 6.19800E+02
 6.21400E+02
 6.24500E+02
 6.25600E+02
 6.24600E+02
 6.19300E+02
 6.23600E+02
 6.26600E+02
 6.25800E+02
 6.23900E+02
 6.26600E+02
 6.27200E+02
 6.24600E+02
 6.20200E+02
 6.23600E+02
 6.27300E+02
 6.20500E+02
 6.23700E+02
 6.25000E+02
 6.27600E+02
 6.23400E+02
 6.21500E+02
 6.33800E+02
 6.28500E+02
 6.28600E+02
 6.21000E+02
 6.20400E+02
 6.25100E+02
 6.21900E+02
 6.23500E+02
 6.29300E+02
 6.31900E+02
 6.32200E+02
 6.26200E+02
 6.28100E+02
 6.30500E+02
 6.32300E+02
 6.27000E+02
 6.29200E+02
 6.24100E+02
 6.35200E+02
 6.30000E+02
 6.29800E+02
 6.38000E+02
 6.35800E+02
 6.33900E+02
 6.33900E+02
 6.34400E+02
 6.36400E+02
 6.36900E+02
 6.33200E+02
 6.33100E+02
 6.33700E+02
 6.34000E+02
 6.34200E+02
 6.34900E+02
 6.36100E+02
 6.38400E+02
 6.39700E+02
 6.40300E+02
 6.29700E+02
 6.38600E+02
 6.38500E+02
 6.39000E+02
 6.38900E+02
 6.39100E+02
 6.44500E+02
 6.38400E+02
 6.44700E+02
 6.35000E+02
 6.42200E+02
 6.39800E+02
 6.40400E+02
 6.42400E+02
 6.40400E+02
 6.48300E+02
 6.37900E+02
 6.38900E+02
 6.36700E+02
 6.42400E+02
 6.41800E+02
 6.37600E+02
 6.40400E+02
 6.47400E+02
 6.44200E+02
 6.49200E+02
 6.37700E+02
 6.44400E+02
 6.42100E+02
 6.38600E+02
 6.39300E+02
