 4.30400E+02
 4.30400E+02
 4.29900E+02
 4.30500E+02
 4.31000E+02
 4.29700E+02
 4.29600E+02
 4.31200E+02
 4.30500E+02
 4.29200E+02
 4.30600E+02
 4.30400E+02
 4.30800E+02
 4.31300E+02
 4.30200E+02
 4.29800E+02
 4.28600E+02
 4.30300E+02
 4.30800E+02
 4.30200E+02
 4.31500E+02
 4.29600E+02
 4.31300E+02
 4.31100E+02
 4.30900E+02
 4.29600E+02
 4.32800E+02
 4.61800E+02
 4.92400E+02
 4.45200E+02
 4.31600E+02
 4.30100E+02
 4.30500E+02
 4.30800E+02
 4.29100E+02
 4.30200E+02
 4.28700E+02
 4.30700E+02
 4.30300E+02
 4.30300E+02
 4.31300E+02
 4.33900E+02
 4.38000E+02
 4.40600E+02
 4.43200E+02
 4.42200E+02
 4.43400E+02
 4.45000E+02
 4.44600E+02
 4.44200E+02
 4.43100E+02
 4.43000E+02
 4.42400E+02
 4.46500E+02
 4.43400E+02
 4.42100E+02
 4.44800E+02
 4.43400E+02
 4.46900E+02
 4.44400E+02
 4.44300E+02
 4.43700E+02
 4.45000E+02
 4.44000E+02
 4.43700E+02
 4.43900E+02
 4.43400E+02
 4.43900E+02
 4.44100E+02
 4.46900E+02
 4.46100E+02
 4.47900E+02
 4.49300E+02
 4.50700E+02
 4.46700E+02
 4.46100E+02
 4.45600E+02
 4.43400E+02
 4.44300E+02
 4.42600E+02
 4.42700E+02
 4.42900E+02
 4.45400E+02
 4.43800E+02
 4.46000E+02
 4.47100E+02
 4.44400E+02
 4.48800E+02
 4.45800E+02
 4.42700E+02
 4.45100E+02
 4.44100E+02
 4.45700E+02
 4.43400E+02
 4.42800E+02
 4.44700E+02
 4.42600E+02
 4.42400E+02
 4.43000E+02
 4.44300E+02
 4.44200E+02
 4.41500E+02
 4.43200E+02
 4.46100E+02
 4.41000E+02
 4.44100E+02
 4.41800E+02
 4.45700E+02
 4.43100E+02
 4.43900E+02
 4.45500E+02
 4.44400E+02
 4.44400E+02
 4.44900E+02
 4.44100E+02
 4.45200E+02
 4.43600E+02
 4.43600E+02
 4.45300E+02
 4.42900E+02
 4.45300E+02
 4.42100E+02
 4.45900E+02
 4.45300E+02
 4.44500E+02
 4.44400E+02
 4.46200E+02
 4.45400E+02
 4.43600E+02
 4.43500E+02
 4.46200E+02
 4.44800E+02
 4.44400E+02
 4.43900E+02
 4.46000E+02
 4.45700E+02
 4.45100E+02
 4.45600E+02
 4.44900E+02
 4.44700E+02
 4.45000E+02
 4.44100E+02
 4.43100E+02
 4.45900E+02
 4.45100E+02
 4.42700E+02
 4.45500E+02
 4.45400E+02
 4.45200E+02
 4.45200E+02
 4.46000E+02
 4.46200E+02
 4.45400E+02
 4.46300E+02
 4.45800E+02
 4.46400E+02
 4.45300E+02
 4.45500E+02
 4.45200E+02
 4.43800E+02
 4.50200E+02
 4.45400E+02
 4.46700E+02
 4.46400E+02
 4.47200E+02
 4.45600E+02
 4.45500E+02
 4.45000E+02
 4.44400E+02
 4.46800E+02
 4.45400E+02
 4.46800E+02
 4.45500E+02
 4.46300E+02
 4.47000E+02
 4.45400E+02
 4.46300E+02
 4.44000E+02
 4.47200E+02
 4.46500E+02
 4.46600E+02
 4.45100E+02
 4.45800E+02
 4.45000E+02
 4.46200E+02
 4.44800E+02
 4.45400E+02
 4.45000E+02
 4.45300E+02
 4.46000E+02
 4.45900E+02
 4.44400E+02
 4.44400E+02
 4.46200E+02
 4.45900E+02
 4.46700E+02
 4.45500E+02
 4.45600E+02
 4.46500E+02
 4.43000E+02
 4.44800E+02
 4.45800E+02
 4.45800E+02
 4.44800E+02
 4.45800E+02
 4.45100E+02
 4.44400E+02
 4.47100E+02
 4.46400E+02
 4.46500E+02
 4.45000E+02
 4.46600E+02
 4.43000E+02
 4.45200E+02
 4.43500E+02
 4.46800E+02
 4.45100E+02
 4.45800E+02
 4.45200E+02
 4.45000E+02
 4.43900E+02
 4.46700E+02
 4.44200E+02
 4.44000E+02
 4.45300E+02
 4.45500E+02
 4.45100E+02
 4.46900E+02
 4.45600E+02
 4.46100E+02
 4.42300E+02
 4.43600E+02
 4.44500E+02
 4.45100E+02
 4.46600E+02
 4.46300E+02
 4.43900E+02
 4.43500E+02
 4.45400E+02
 4.45700E+02
 4.44600E+02
 4.45300E+02
 4.45200E+02
 4.45500E+02
 4.44700E+02
 4.48100E+02
 4.43500E+02
 4.45800E+02
 4.45800E+02
 4.45400E+02
 4.46300E+02
 4.45600E+02
 4.45800E+02
 4.45400E+02
 4.46100E+02
 4.45300E+02
 4.44500E+02
 4.45400E+02
 4.45700E+02
 4.46300E+02
 4.45300E+02
 4.44400E+02
 4.43400E+02
 4.45800E+02
 4.47100E+02
 4.45800E+02
 4.45800E+02
 4.46300E+02
 4.45000E+02
 4.45300E+02
 4.46700E+02
 4.46300E+02
 4.45400E+02
 4.44900E+02
 4.46100E+02
 4.44000E+02
 4.47900E+02
 4.44400E+02
 4.48100E+02
 4.45400E+02
 4.44200E+02
 4.46700E+02
 4.45200E+02
 4.47500E+02
 4.45200E+02
 4.47100E+02
 4.45500E+02
 4.46200E+02
 4.46700E+02
 4.45400E+02
 4.46800E+02
 4.46300E+02
 4.48400E+02
 4.48200E+02
 4.47400E+02
 4.47200E+02
 4.48300E+02
 4.46200E+02
 4.48700E+02
 4.48100E+02
 4.45500E+02
 4.49200E+02
 4.48200E+02
 4.47500E+02
 4.51200E+02
 4.49400E+02
 4.49400E+02
 4.47200E+02
 4.48100E+02
 4.49200E+02
 4.49000E+02
 4.50900E+02
 4.49000E+02
 4.51100E+02
 4.47000E+02
 4.49600E+02
 4.51000E+02
 4.49700E+02
 4.48200E+02
 4.51100E+02
 4.53900E+02
 4.49500E+02
 4.50400E+02
 4.50800E+02
 4.48900E+02
 4.50300E+02
 4.50000E+02
 4.51000E+02
 4.51500E+02
 4.49800E+02
 4.49300E+02
 4.49200E+02
 4.51500E+02
 4.49300E+02
 4.51800E+02
 4.47700E+02
 4.51800E+02
 4.48700E+02
 4.50800E+02
 4.49900E+02
 4.49800E+02
 4.50000E+02
 4.51300E+02
 4.49500E+02
 4.48700E+02
 4.49500E+02
 4.46100E+02
 4.50900E+02
 4.50900E+02
 4.49100E+02
 4.51100E+02
 4.50100E+02
 4.49000E+02
 4.48300E+02
 4.51000E+02
 4.50800E+02
 4.51500E+02
 4.50500E+02
 4.50500E+02
 4.50400E+02
 4.50400E+02
 4.50000E+02
 4.51200E+02
 4.50500E+02
 4.50100E+02
 4.50200E+02
 4.54500E+02
 4.52400E+02
 4.49200E+02
 4.53800E+02
 4.54200E+02
 4.52600E+02
 4.53500E+02
 4.50500E+02
 4.52500E+02
 4.53500E+02
 4.49800E+02
 4.52300E+02
 4.51300E+02
 4.51600E+02
 4.52000E+02
 4.54600E+02
 4.54100E+02
 4.50600E+02
 4.53900E+02
 4.54000E+02
 4.53100E+02
 4.51800E+02
 4.54200E+02
 4.52800E+02
 4.54100E+02
 4.51500E+02
 4.53400E+02
 4.54600E+02
 4.52900E+02
 4.53500E+02
 4.54900E+02
 4.53400E+02
 4.52100E+02
 4.51000E+02
 4.51500E+02
 4.50600E+02
 4.50700E+02
 4.52100E+02
 4.49600E+02
 4.49400E+02
 4.51400E+02
 4.50700E+02
 4.51100E+02
 4.50000E+02
 4.49300E+02
 4.49700E+02
 4.49500E+02
 4.49200E+02
 4.48500E+02
 4.49700E+02
 4.49900E+02
 4.45400E+02
 4.49600E+02
 4.50300E+02
 4.47600E+02
 4.47000E+02
 4.49300E+02
 4.46400E+02
 4.49800E+02
 4.48600E+02
 4.47900E+02
 4.47500E+02
 4.48900E+02
 4.47100E+02
 4.49000E+02
 4.48700E+02
 4.49100E+02
 4.47300E+02
 4.47100E+02
 4.45600E+02
 4.48600E+02
 4.47700E+02
 4.49000E+02
 4.45800E+02
 4.46500E+02
 4.46500E+02
 4.47800E+02
 4.50400E+02
 4.45700E+02
 4.46100E+02
 4.47200E+02
 4.47800E+02
 4.47600E+02
 4.48700E+02
 4.49300E+02
 4.48600E+02
 4.47000E+02
 4.48300E+02
 4.49800E+02
 4.49600E+02
 4.47300E+02
 4.46800E+02
 4.49600E+02
 4.48700E+02
 4.48100E+02
 4.48900E+02
 4.48200E+02
 4.48800E+02
 4.47900E+02
 4.48500E+02
 4.48300E+02
 4.48400E+02
 4.48000E+02
 4.48100E+02
 4.48200E+02
 4.49600E+02
 4.47000E+02
 4.46000E+02
 4.49900E+02
 4.46000E+02
 4.47700E+02
 4.46500E+02
 4.49200E+02
 4.48500E+02
 4.49500E+02
 4.49700E+02
 4.47900E+02
 4.47900E+02
 4.46300E+02
 4.46400E+02
 4.49500E+02
 4.48900E+02
 4.47000E+02
 4.49500E+02
 4.48800E+02
 4.49600E+02
 4.47900E+02
 4.48400E+02
 4.50400E+02
 4.50400E+02
 4.49800E+02
 4.49500E+02
 4.47900E+02
 4.49000E+02
 4.49600E+02
 4.48700E+02
 4.47900E+02
 4.48000E+02
 4.48600E+02
 4.49100E+02
 4.49100E+02
 4.49500E+02
 4.50000E+02
 4.48300E+02
 4.47400E+02
 4.48900E+02
 4.49300E+02
 4.48400E+02
 4.49200E+02
 4.46500E+02
 4.48100E+02
 4.49200E+02
 4.48700E+02
 4.48000E+02
 4.48800E+02
 4.48900E+02
 4.49100E+02
 4.48000E+02
 4.49800E+02
 4.49500E+02
 4.50000E+02
 4.48800E+02
 4.49600E+02
 4.48500E+02
 4.49100E+02
 4.49000E+02
 4.47900E+02
 4.47700E+02
 4.47900E+02
 4.47700E+02
 4.48600E+02
 4.49000E+02
 4.49700E+02
 4.47000E+02
 4.48700E+02
 4.47800E+02
 4.48400E+02
 4.48300E+02
 4.48900E+02
 4.50200E+02
 4.48800E+02
 4.50100E+02
 4.48800E+02
 4.49300E+02
 4.48500E+02
 4.49100E+02
 4.48800E+02
 4.50300E+02
 4.47000E+02
 4.48700E+02
 4.50700E+02
 4.47700E+02
 4.48400E+02
 4.47500E+02
 4.46800E+02
 4.49500E+02
 4.47900E+02
 4.48600E+02
 4.48300E+02
 4.47500E+02
 4.46800E+02
 4.49900E+02
 4.46600E+02
 4.47900E+02
 4.47700E+02
 4.49600E+02
 4.49600E+02
 4.45700E+02
 4.46700E+02
 4.49200E+02
 4.51000E+02
 4.48700E+02
 4.48200E+02
 4.49000E+02
 4.48800E+02
 4.47500E+02
 4.48000E+02
 4.48000E+02
 4.46600E+02
 4.48000E+02
 4.48700E+02
 4.49400E+02
 4.49000E+02
 4.48500E+02
 4.48100E+02
 4.48700E+02
 4.49500E+02
 4.49700E+02
 4.48600E+02
 4.51500E+02
 4.48300E+02
 4.48200E+02
 4.47500E+02
 4.49700E+02
 4.48400E+02
 4.48700E+02
 4.50900E+02
 4.48000E+02
 4.49400E+02
 4.47700E+02
 4.48600E+02
 4.48400E+02
 4.49400E+02
 4.48500E+02
 4.48200E+02
 4.50400E+02
 4.46700E+02
 4.48200E+02
 4.50200E+02
 4.49700E+02
 4.47200E+02
 4.49300E+02
 4.49700E+02
 4.50000E+02
 4.50400E+02
 4.49300E+02
 4.49300E+02
 4.49700E+02
 4.48500E+02
 4.49000E+02
 4.47600E+02
 4.49200E+02
 4.48500E+02
 4.47300E+02
 4.48800E+02
 4.49300E+02
 4.50000E+02
 4.48200E+02
 4.49300E+02
 4.50600E+02
 4.51300E+02
 4.47500E+02
 4.48000E+02
 4.48800E+02
 4.48100E+02
 4.48500E+02
 4.49700E+02
 4.48100E+02
 4.50100E+02
 4.49700E+02
 4.50300E+02
 4.49500E+02
 4.48100E+02
 4.50300E+02
 4.49100E+02
 4.49900E+02
 4.50800E+02
 4.49900E+02
 4.48000E+02
 4.48700E+02
 4.47600E+02
 4.50400E+02
 4.48800E+02
 4.49500E+02
 4.47400E+02
 4.50100E+02
 4.49400E+02
 4.50400E+02
 4.48000E+02
 4.48400E+02
 4.50700E+02
 4.47000E+02
 4.50300E+02
 4.49600E+02
 4.48100E+02
 4.48200E+02
 4.50300E+02
 4.48800E+02
 4.48600E+02
 4.49900E+02
 4.49600E+02
 4.47500E+02
 4.49300E+02
 4.49500E+02
 4.51500E+02
 4.49800E+02
 4.50400E+02
 4.49900E+02
 4.48400E+02
 4.51200E+02
 4.49200E+02
 4.49800E+02
 4.48400E+02
 4.50300E+02
 4.48500E+02
 4.52400E+02
 4.48000E+02
 4.48700E+02
 4.49600E+02
 4.49400E+02
 4.47900E+02
 4.49300E+02
 4.48700E+02
 4.48700E+02
 4.49300E+02
 4.47800E+02
 4.50600E+02
 4.50700E+02
 4.50600E+02
 4.48700E+02
 4.46800E+02
 4.49600E+02
 4.50400E+02
 4.47100E+02
 4.49200E+02
 4.50200E+02
 4.49900E+02
 4.47200E+02
 4.49800E+02
 4.47700E+02
 4.49900E+02
 4.48200E+02
 4.50300E+02
 4.51800E+02
 4.49900E+02
 4.48100E+02
 4.48700E+02
 4.49100E+02
 4.49800E+02
 4.49900E+02
 4.49300E+02
 4.48600E+02
 4.48200E+02
 4.48800E+02
 4.48800E+02
 4.50900E+02
 4.49000E+02
 4.48000E+02
 4.47300E+02
 4.48900E+02
 4.49400E+02
 4.50800E+02
 4.50400E+02
 4.50400E+02
 4.51800E+02
 4.48500E+02
 4.48500E+02
 4.48700E+02
 4.50000E+02
 4.51000E+02
 4.50300E+02
 4.50400E+02
 4.50500E+02
 4.47700E+02
 4.49800E+02
 4.48500E+02
 4.49300E+02
 4.49600E+02
 4.51600E+02
 4.50500E+02
 4.48300E+02
 4.49600E+02
 4.46600E+02
 4.49900E+02
 4.51200E+02
 4.49000E+02
 4.50400E+02
 4.50300E+02
 4.50600E+02
 4.49300E+02
 4.50000E+02
 4.48700E+02
 4.50600E+02
 4.50700E+02
 4.50000E+02
 4.50900E+02
 4.50800E+02
 4.48400E+02
 4.48300E+02
 4.51300E+02
 4.49200E+02
 4.48000E+02
 4.48800E+02
 4.48700E+02
 4.47900E+02
 4.51500E+02
 4.49500E+02
 4.49900E+02
 4.47100E+02
 4.51100E+02
 4.49900E+02
 4.48200E+02
 4.48400E+02
 4.49000E+02
 4.49300E+02
 4.47600E+02
 4.46900E+02
 4.48300E+02
 4.49400E+02
 4.47900E+02
 4.47100E+02
 4.47700E+02
 4.47500E+02
 4.48600E+02
 4.47600E+02
 4.49800E+02
 4.49300E+02
 4.49700E+02
 4.50400E+02
 4.47500E+02
 4.50300E+02
 4.49800E+02
 4.51600E+02
 4.48600E+02
 4.48500E+02
 4.47900E+02
 4.50900E+02
 4.48800E+02
 4.47500E+02
 4.48000E+02
 4.50300E+02
 4.47700E+02
 4.48400E+02
 4.47800E+02
 4.47900E+02
 4.49300E+02
 4.48200E+02
 4.48700E+02
 4.47800E+02
 4.48400E+02
 4.49400E+02
 4.47800E+02
 4.49200E+02
 4.48400E+02
 4.46200E+02
 4.48600E+02
 4.46500E+02
 4.50700E+02
 4.48200E+02
 4.47800E+02
 4.48200E+02
 4.49400E+02
 4.49800E+02
 4.48800E+02
 4.46900E+02
 4.48100E+02
 4.48900E+02
 4.47900E+02
 4.48900E+02
 4.48800E+02
 4.50200E+02
 4.46700E+02
 4.49300E+02
 4.48000E+02
 4.48100E+02
 4.47500E+02
 4.47100E+02
 4.46600E+02
 4.47700E+02
 4.47200E+02
 4.47600E+02
 4.47500E+02
 4.47900E+02
 4.48400E+02
 4.46200E+02
 4.48200E+02
 4.48100E+02
 4.48300E+02
 4.48200E+02
 4.47900E+02
 4.47400E+02
 4.48200E+02
 4.48000E+02
 4.48700E+02
 4.48400E+02
 4.48500E+02
 4.49100E+02
 4.44300E+02
 4.46900E+02
 4.46800E+02
 4.49900E+02
 4.47200E+02
 4.48700E+02
 4.47600E+02
 4.47900E+02
 4.47200E+02
 4.45100E+02
 4.47400E+02
 4.48100E+02
 4.49200E+02
 4.48100E+02
 4.47900E+02
 4.48400E+02
 4.48200E+02
 4.47400E+02
 4.47000E+02
 4.49700E+02
 4.45800E+02
 4.45700E+02
 4.45600E+02
 4.48100E+02
 4.47000E+02
 4.48700E+02
 4.46700E+02
 4.49500E+02
 4.45900E+02
 4.47100E+02
 4.45900E+02
 4.45700E+02
 4.48400E+02
 4.43000E+02
 4.47300E+02
 4.47400E+02
 4.44900E+02
 4.47000E+02
 4.46900E+02
 4.45500E+02
 4.48300E+02
 4.46100E+02
 4.46600E+02
 4.46700E+02
 4.46300E+02
 4.45000E+02
 4.46300E+02
 4.47300E+02
 4.44700E+02
 4.47600E+02
 4.46300E+02
 4.46000E+02
 4.48800E+02
 4.46300E+02
 4.46500E+02
 4.44000E+02
 4.44500E+02
 4.45700E+02
 4.48100E+02
 4.46700E+02
 4.47600E+02
 4.46900E+02
 4.49600E+02
 4.44900E+02
 4.44300E+02
 4.44800E+02
 4.46200E+02
 4.48900E+02
 4.46000E+02
 4.44800E+02
 4.45800E+02
 4.46400E+02
 4.47200E+02
 4.47100E+02
 4.45900E+02
 4.46200E+02
 4.47000E+02
 4.46200E+02
 4.46100E+02
 4.44900E+02
 4.44700E+02
 4.47300E+02
 4.47100E+02
 4.44800E+02
 4.45400E+02
 4.45300E+02
 4.46100E+02
 4.47200E+02
 4.44000E+02
 4.47100E+02
 4.45100E+02
 4.47300E+02
 4.45800E+02
 4.46700E+02
 4.46400E+02
 4.45200E+02
 4.47800E+02
 4.45700E+02
 4.46600E+02
 4.44900E+02
 4.44800E+02
 4.45400E+02
 4.44500E+02
 4.45200E+02
 4.45000E+02
 4.47500E+02
 4.44300E+02
 4.46500E+02
 4.43800E+02
 4.46300E+02
 4.46300E+02
 4.45100E+02
 4.42500E+02
 4.43700E+02
 4.47100E+02
 4.44000E+02
 4.44900E+02
 4.44700E+02
 4.47300E+02
 4.43500E+02
 4.45900E+02
 4.46000E+02
 4.45000E+02
 4.44600E+02
 4.44100E+02
 4.45200E+02
 4.44700E+02
 4.44100E+02
 4.44900E+02
 4.46300E+02
 4.43000E+02
 4.43700E+02
 4.42300E+02
 4.45200E+02
 4.43600E+02
 4.43200E+02
 4.42600E+02
 4.43500E+02
 4.43300E+02
 4.44200E+02
 4.42800E+02
 4.43900E+02
 4.44000E+02
 4.42200E+02
 4.44600E+02
 4.43000E+02
 4.43400E+02
 4.42500E+02
 4.42500E+02
 4.42600E+02
 4.42100E+02
