 5.28129E+02	 4.30400E+02
 5.28266E+02	 4.30400E+02
 5.28402E+02	 4.29900E+02
 5.28538E+02	 4.30500E+02
 5.28675E+02	 4.31000E+02
 5.28811E+02	 4.29700E+02
 5.28947E+02	 4.29600E+02
 5.29084E+02	 4.31200E+02
 5.29220E+02	 4.30500E+02
 5.29356E+02	 4.29200E+02
 5.29492E+02	 4.30600E+02
 5.29629E+02	 4.30400E+02
 5.29765E+02	 4.30800E+02
 5.29901E+02	 4.31300E+02
 5.30037E+02	 4.30200E+02
 5.30174E+02	 4.29800E+02
 5.30310E+02	 4.28600E+02
 5.30446E+02	 4.30300E+02
 5.30582E+02	 4.30800E+02
 5.30718E+02	 4.30200E+02
 5.30855E+02	 4.31500E+02
 5.30991E+02	 4.29600E+02
 5.31127E+02	 4.31300E+02
 5.31263E+02	 4.31100E+02
 5.31399E+02	 4.30900E+02
 5.31535E+02	 4.29600E+02
 5.31671E+02	 4.32800E+02
 5.31808E+02	 4.61800E+02
 5.31944E+02	 4.92400E+02
 5.32080E+02	 4.45200E+02
 5.32216E+02	 4.31600E+02
 5.32352E+02	 4.30100E+02
 5.32488E+02	 4.30500E+02
 5.32624E+02	 4.30800E+02
 5.32760E+02	 4.29100E+02
 5.32896E+02	 4.30200E+02
 5.33032E+02	 4.28700E+02
 5.33168E+02	 4.30700E+02
 5.33304E+02	 4.30300E+02
 5.33440E+02	 4.30300E+02
 5.33576E+02	 4.31300E+02
 5.33712E+02	 4.33900E+02
 5.33848E+02	 4.38000E+02
 5.33984E+02	 4.40600E+02
 5.34120E+02	 4.43200E+02
 5.34256E+02	 4.42200E+02
 5.34392E+02	 4.43400E+02
 5.34528E+02	 4.45000E+02
 5.34664E+02	 4.44600E+02
 5.34800E+02	 4.44200E+02
 5.34936E+02	 4.43100E+02
 5.35072E+02	 4.43000E+02
 5.35208E+02	 4.42400E+02
 5.35344E+02	 4.46500E+02
 5.35479E+02	 4.43400E+02
 5.35615E+02	 4.42100E+02
 5.35751E+02	 4.44800E+02
 5.35887E+02	 4.43400E+02
 5.36023E+02	 4.46900E+02
 5.36159E+02	 4.44400E+02
 5.36295E+02	 4.44300E+02
 5.36430E+02	 4.43700E+02
 5.36566E+02	 4.45000E+02
 5.36702E+02	 4.44000E+02
 5.36838E+02	 4.43700E+02
 5.36974E+02	 4.43900E+02
 5.37109E+02	 4.43400E+02
 5.37245E+02	 4.43900E+02
 5.37381E+02	 4.44100E+02
 5.37517E+02	 4.46900E+02
 5.37652E+02	 4.46100E+02
 5.37788E+02	 4.47900E+02
 5.37924E+02	 4.49300E+02
 5.38060E+02	 4.50700E+02
 5.38195E+02	 4.46700E+02
 5.38331E+02	 4.46100E+02
 5.38467E+02	 4.45600E+02
 5.38602E+02	 4.43400E+02
 5.38738E+02	 4.44300E+02
 5.38874E+02	 4.42600E+02
 5.39009E+02	 4.42700E+02
 5.39145E+02	 4.42900E+02
 5.39281E+02	 4.45400E+02
 5.39416E+02	 4.43800E+02
 5.39552E+02	 4.46000E+02
 5.39688E+02	 4.47100E+02
 5.39823E+02	 4.44400E+02
 5.39959E+02	 4.48800E+02
 5.40094E+02	 4.45800E+02
 5.40230E+02	 4.42700E+02
 5.40366E+02	 4.45100E+02
 5.40501E+02	 4.44100E+02
 5.40637E+02	 4.45700E+02
 5.40772E+02	 4.43400E+02
 5.40908E+02	 4.42800E+02
 5.41043E+02	 4.44700E+02
 5.41179E+02	 4.42600E+02
 5.41314E+02	 4.42400E+02
 5.41450E+02	 4.43000E+02
 5.41585E+02	 4.44300E+02
 5.41721E+02	 4.44200E+02
 5.41856E+02	 4.41500E+02
 5.41992E+02	 4.43200E+02
 5.42127E+02	 4.46100E+02
 5.42263E+02	 4.41000E+02
 5.42398E+02	 4.44100E+02
 5.42534E+02	 4.41800E+02
 5.42669E+02	 4.45700E+02
 5.42804E+02	 4.43100E+02
 5.42940E+02	 4.43900E+02
 5.43075E+02	 4.45500E+02
 5.43211E+02	 4.44400E+02
 5.43346E+02	 4.44400E+02
 5.43482E+02	 4.44900E+02
 5.43617E+02	 4.44100E+02
 5.43752E+02	 4.45200E+02
 5.43888E+02	 4.43600E+02
 5.44023E+02	 4.43600E+02
 5.44158E+02	 4.45300E+02
 5.44294E+02	 4.42900E+02
 5.44429E+02	 4.45300E+02
 5.44564E+02	 4.42100E+02
 5.44700E+02	 4.45900E+02
 5.44835E+02	 4.45300E+02
 5.44970E+02	 4.44500E+02
 5.45106E+02	 4.44400E+02
 5.45241E+02	 4.46200E+02
 5.45376E+02	 4.45400E+02
 5.45511E+02	 4.43600E+02
 5.45647E+02	 4.43500E+02
 5.45782E+02	 4.46200E+02
 5.45917E+02	 4.44800E+02
 5.46052E+02	 4.44400E+02
 5.46188E+02	 4.43900E+02
 5.46323E+02	 4.46000E+02
 5.46458E+02	 4.45700E+02
 5.46593E+02	 4.45100E+02
 5.46729E+02	 4.45600E+02
 5.46864E+02	 4.44900E+02
 5.46999E+02	 4.44700E+02
 5.47134E+02	 4.45000E+02
 5.47269E+02	 4.44100E+02
 5.47404E+02	 4.43100E+02
 5.47540E+02	 4.45900E+02
 5.47675E+02	 4.45100E+02
 5.47810E+02	 4.42700E+02
 5.47945E+02	 4.45500E+02
 5.48080E+02	 4.45400E+02
 5.48215E+02	 4.45200E+02
 5.48350E+02	 4.45200E+02
 5.48485E+02	 4.46000E+02
 5.48621E+02	 4.46200E+02
 5.48756E+02	 4.45400E+02
 5.48891E+02	 4.46300E+02
 5.49026E+02	 4.45800E+02
 5.49161E+02	 4.46400E+02
 5.49296E+02	 4.45300E+02
 5.49431E+02	 4.45500E+02
 5.49566E+02	 4.45200E+02
 5.49701E+02	 4.43800E+02
 5.49836E+02	 4.50200E+02
 5.49971E+02	 4.45400E+02
 5.50106E+02	 4.46700E+02
 5.50241E+02	 4.46400E+02
 5.50376E+02	 4.47200E+02
 5.50511E+02	 4.45600E+02
 5.50646E+02	 4.45500E+02
 5.50781E+02	 4.45000E+02
 5.50916E+02	 4.44400E+02
 5.51051E+02	 4.46800E+02
 5.51186E+02	 4.45400E+02
 5.51321E+02	 4.46800E+02
 5.51456E+02	 4.45500E+02
 5.51591E+02	 4.46300E+02
 5.51726E+02	 4.47000E+02
 5.51861E+02	 4.45400E+02
 5.51995E+02	 4.46300E+02
 5.52130E+02	 4.44000E+02
 5.52265E+02	 4.47200E+02
 5.52400E+02	 4.46500E+02
 5.52535E+02	 4.46600E+02
 5.52670E+02	 4.45100E+02
 5.52805E+02	 4.45800E+02
 5.52940E+02	 4.45000E+02
 5.53074E+02	 4.46200E+02
 5.53209E+02	 4.44800E+02
 5.53344E+02	 4.45400E+02
 5.53479E+02	 4.45000E+02
 5.53614E+02	 4.45300E+02
 5.53749E+02	 4.46000E+02
 5.53883E+02	 4.45900E+02
 5.54018E+02	 4.44400E+02
 5.54153E+02	 4.44400E+02
 5.54288E+02	 4.46200E+02
 5.54423E+02	 4.45900E+02
 5.54557E+02	 4.46700E+02
 5.54692E+02	 4.45500E+02
 5.54827E+02	 4.45600E+02
 5.54962E+02	 4.46500E+02
 5.55096E+02	 4.43000E+02
 5.55231E+02	 4.44800E+02
 5.55366E+02	 4.45800E+02
 5.55500E+02	 4.45800E+02
 5.55635E+02	 4.44800E+02
 5.55770E+02	 4.45800E+02
 5.55905E+02	 4.45100E+02
 5.56039E+02	 4.44400E+02
 5.56174E+02	 4.47100E+02
 5.56309E+02	 4.46400E+02
 5.56443E+02	 4.46500E+02
 5.56578E+02	 4.45000E+02
 5.56713E+02	 4.46600E+02
 5.56847E+02	 4.43000E+02
 5.56982E+02	 4.45200E+02
 5.57117E+02	 4.43500E+02
 5.57251E+02	 4.46800E+02
 5.57386E+02	 4.45100E+02
 5.57520E+02	 4.45800E+02
 5.57655E+02	 4.45200E+02
 5.57790E+02	 4.45000E+02
 5.57924E+02	 4.43900E+02
 5.58059E+02	 4.46700E+02
 5.58193E+02	 4.44200E+02
 5.58328E+02	 4.44000E+02
 5.58463E+02	 4.45300E+02
 5.58597E+02	 4.45500E+02
 5.58732E+02	 4.45100E+02
 5.58866E+02	 4.46900E+02
 5.59001E+02	 4.45600E+02
 5.59135E+02	 4.46100E+02
 5.59270E+02	 4.42300E+02
 5.59404E+02	 4.43600E+02
 5.59539E+02	 4.44500E+02
 5.59673E+02	 4.45100E+02
 5.59808E+02	 4.46600E+02
 5.59942E+02	 4.46300E+02
 5.60077E+02	 4.43900E+02
 5.60211E+02	 4.43500E+02
 5.60346E+02	 4.45400E+02
 5.60480E+02	 4.45700E+02
 5.60615E+02	 4.44600E+02
 5.60749E+02	 4.45300E+02
 5.60884E+02	 4.45200E+02
 5.61018E+02	 4.45500E+02
 5.61152E+02	 4.44700E+02
 5.61287E+02	 4.48100E+02
 5.61421E+02	 4.43500E+02
 5.61556E+02	 4.45800E+02
 5.61690E+02	 4.45800E+02
 5.61824E+02	 4.45400E+02
 5.61959E+02	 4.46300E+02
 5.62093E+02	 4.45600E+02
 5.62228E+02	 4.45800E+02
 5.62362E+02	 4.45400E+02
 5.62496E+02	 4.46100E+02
 5.62631E+02	 4.45300E+02
 5.62765E+02	 4.44500E+02
 5.62899E+02	 4.45400E+02
 5.63034E+02	 4.45700E+02
 5.63168E+02	 4.46300E+02
 5.63302E+02	 4.45300E+02
 5.63437E+02	 4.44400E+02
 5.63571E+02	 4.43400E+02
 5.63705E+02	 4.45800E+02
 5.63840E+02	 4.47100E+02
 5.63974E+02	 4.45800E+02
 5.64108E+02	 4.45800E+02
 5.64242E+02	 4.46300E+02
 5.64377E+02	 4.45000E+02
 5.64511E+02	 4.45300E+02
 5.64645E+02	 4.46700E+02
 5.64779E+02	 4.46300E+02
 5.64914E+02	 4.45400E+02
 5.65048E+02	 4.44900E+02
 5.65182E+02	 4.46100E+02
 5.65316E+02	 4.44000E+02
 5.65451E+02	 4.47900E+02
 5.65585E+02	 4.44400E+02
 5.65719E+02	 4.48100E+02
 5.65853E+02	 4.45400E+02
 5.65987E+02	 4.44200E+02
 5.66122E+02	 4.46700E+02
 5.66256E+02	 4.45200E+02
 5.66390E+02	 4.47500E+02
 5.66524E+02	 4.45200E+02
 5.66658E+02	 4.47100E+02
 5.66792E+02	 4.45500E+02
 5.66927E+02	 4.46200E+02
 5.67061E+02	 4.46700E+02
 5.67195E+02	 4.45400E+02
 5.67329E+02	 4.46800E+02
 5.67463E+02	 4.46300E+02
 5.67597E+02	 4.48400E+02
 5.67731E+02	 4.48200E+02
 5.67865E+02	 4.47400E+02
 5.68000E+02	 4.47200E+02
 5.68134E+02	 4.48300E+02
 5.68268E+02	 4.46200E+02
 5.68402E+02	 4.48700E+02
 5.68536E+02	 4.48100E+02
 5.68670E+02	 4.45500E+02
 5.68804E+02	 4.49200E+02
 5.68938E+02	 4.48200E+02
 5.69072E+02	 4.47500E+02
 5.69206E+02	 4.51200E+02
 5.69340E+02	 4.49400E+02
 5.69474E+02	 4.49400E+02
 5.69608E+02	 4.47200E+02
 5.69742E+02	 4.48100E+02
 5.69876E+02	 4.49200E+02
 5.70010E+02	 4.49000E+02
 5.70144E+02	 4.50900E+02
 5.70278E+02	 4.49000E+02
 5.70412E+02	 4.51100E+02
 5.70546E+02	 4.47000E+02
 5.70680E+02	 4.49600E+02
 5.70814E+02	 4.51000E+02
 5.70948E+02	 4.49700E+02
 5.71082E+02	 4.48200E+02
 5.71216E+02	 4.51100E+02
 5.71350E+02	 4.53900E+02
 5.71484E+02	 4.49500E+02
 5.71618E+02	 4.50400E+02
 5.71752E+02	 4.50800E+02
 5.71886E+02	 4.48900E+02
 5.72020E+02	 4.50300E+02
 5.72154E+02	 4.50000E+02
 5.72287E+02	 4.51000E+02
 5.72421E+02	 4.51500E+02
 5.72555E+02	 4.49800E+02
 5.72689E+02	 4.49300E+02
 5.72823E+02	 4.49200E+02
 5.72957E+02	 4.51500E+02
 5.73091E+02	 4.49300E+02
 5.73225E+02	 4.51800E+02
 5.73358E+02	 4.47700E+02
 5.73492E+02	 4.51800E+02
 5.73626E+02	 4.48700E+02
 5.73760E+02	 4.50800E+02
 5.73894E+02	 4.49900E+02
 5.74028E+02	 4.49800E+02
 5.74161E+02	 4.50000E+02
 5.74295E+02	 4.51300E+02
 5.74429E+02	 4.49500E+02
 5.74563E+02	 4.48700E+02
 5.74697E+02	 4.49500E+02
 5.74830E+02	 4.46100E+02
 5.74964E+02	 4.50900E+02
 5.75098E+02	 4.50900E+02
 5.75232E+02	 4.49100E+02
 5.75366E+02	 4.51100E+02
 5.75499E+02	 4.50100E+02
 5.75633E+02	 4.49000E+02
 5.75767E+02	 4.48300E+02
 5.75901E+02	 4.51000E+02
 5.76034E+02	 4.50800E+02
 5.76168E+02	 4.51500E+02
 5.76302E+02	 4.50500E+02
 5.76436E+02	 4.50500E+02
 5.76569E+02	 4.50400E+02
 5.76703E+02	 4.50400E+02
 5.76837E+02	 4.50000E+02
 5.76970E+02	 4.51200E+02
 5.77104E+02	 4.50500E+02
 5.77238E+02	 4.50100E+02
 5.77371E+02	 4.50200E+02
 5.77505E+02	 4.54500E+02
 5.77639E+02	 4.52400E+02
 5.77772E+02	 4.49200E+02
 5.77906E+02	 4.53800E+02
 5.78040E+02	 4.54200E+02
 5.78173E+02	 4.52600E+02
 5.78307E+02	 4.53500E+02
 5.78441E+02	 4.50500E+02
 5.78574E+02	 4.52500E+02
 5.78708E+02	 4.53500E+02
 5.78842E+02	 4.49800E+02
 5.78975E+02	 4.52300E+02
 5.79109E+02	 4.51300E+02
 5.79242E+02	 4.51600E+02
 5.79376E+02	 4.52000E+02
 5.79510E+02	 4.54600E+02
 5.79643E+02	 4.54100E+02
 5.79777E+02	 4.50600E+02
 5.79910E+02	 4.53900E+02
 5.80044E+02	 4.54000E+02
 5.80177E+02	 4.53100E+02
 5.80311E+02	 4.51800E+02
 5.80444E+02	 4.54200E+02
 5.80578E+02	 4.52800E+02
 5.80712E+02	 4.54100E+02
 5.80845E+02	 4.51500E+02
 5.80979E+02	 4.53400E+02
 5.81112E+02	 4.54600E+02
 5.81246E+02	 4.52900E+02
 5.81379E+02	 4.53500E+02
 5.81513E+02	 4.54900E+02
 5.81646E+02	 4.53400E+02
 5.81780E+02	 4.52100E+02
 5.81913E+02	 4.51000E+02
 5.82047E+02	 4.51500E+02
 5.82180E+02	 4.50600E+02
 5.82314E+02	 4.50700E+02
 5.82447E+02	 4.52100E+02
 5.82581E+02	 4.49600E+02
 5.82714E+02	 4.49400E+02
 5.82847E+02	 4.51400E+02
 5.82981E+02	 4.50700E+02
 5.83114E+02	 4.51100E+02
 5.83248E+02	 4.50000E+02
 5.83381E+02	 4.49300E+02
 5.83515E+02	 4.49700E+02
 5.83648E+02	 4.49500E+02
 5.83782E+02	 4.49200E+02
 5.83915E+02	 4.48500E+02
 5.84048E+02	 4.49700E+02
 5.84182E+02	 4.49900E+02
 5.84315E+02	 4.45400E+02
 5.84449E+02	 4.49600E+02
 5.84582E+02	 4.50300E+02
 5.84715E+02	 4.47600E+02
 5.84849E+02	 4.47000E+02
 5.84982E+02	 4.49300E+02
 5.85115E+02	 4.46400E+02
 5.85249E+02	 4.49800E+02
 5.85382E+02	 4.48600E+02
 5.85515E+02	 4.47900E+02
 5.85649E+02	 4.47500E+02
 5.85782E+02	 4.48900E+02
 5.85915E+02	 4.47100E+02
 5.86049E+02	 4.49000E+02
 5.86182E+02	 4.48700E+02
 5.86315E+02	 4.49100E+02
 5.86449E+02	 4.47300E+02
 5.86582E+02	 4.47100E+02
 5.86715E+02	 4.45600E+02
 5.86849E+02	 4.48600E+02
 5.86982E+02	 4.47700E+02
 5.87115E+02	 4.49000E+02
 5.87249E+02	 4.45800E+02
 5.87382E+02	 4.46500E+02
 5.87515E+02	 4.46500E+02
 5.87648E+02	 4.47800E+02
 5.87782E+02	 4.50400E+02
 5.87915E+02	 4.45700E+02
 5.88048E+02	 4.46100E+02
 5.88181E+02	 4.47200E+02
 5.88315E+02	 4.47800E+02
 5.88448E+02	 4.47600E+02
 5.88581E+02	 4.48700E+02
 5.88714E+02	 4.49300E+02
 5.88847E+02	 4.48600E+02
 5.88981E+02	 4.47000E+02
 5.89114E+02	 4.48300E+02
 5.89247E+02	 4.49800E+02
 5.89380E+02	 4.49600E+02
 5.89514E+02	 4.47300E+02
 5.89647E+02	 4.46800E+02
 5.89780E+02	 4.49600E+02
 5.89913E+02	 4.48700E+02
 5.90046E+02	 4.48100E+02
 5.90179E+02	 4.48900E+02
 5.90313E+02	 4.48200E+02
 5.90446E+02	 4.48800E+02
 5.90579E+02	 4.47900E+02
 5.90712E+02	 4.48500E+02
 5.90845E+02	 4.48300E+02
 5.90978E+02	 4.48400E+02
 5.91111E+02	 4.48000E+02
 5.91245E+02	 4.48100E+02
 5.91378E+02	 4.48200E+02
 5.91511E+02	 4.49600E+02
 5.91644E+02	 4.47000E+02
 5.91777E+02	 4.46000E+02
 5.91910E+02	 4.49900E+02
 5.92043E+02	 4.46000E+02
 5.92176E+02	 4.47700E+02
 5.92309E+02	 4.46500E+02
 5.92443E+02	 4.49200E+02
 5.92576E+02	 4.48500E+02
 5.92709E+02	 4.49500E+02
 5.92842E+02	 4.49700E+02
 5.92975E+02	 4.47900E+02
 5.93108E+02	 4.47900E+02
 5.93241E+02	 4.46300E+02
 5.93374E+02	 4.46400E+02
 5.93507E+02	 4.49500E+02
 5.93640E+02	 4.48900E+02
 5.93773E+02	 4.47000E+02
 5.93906E+02	 4.49500E+02
 5.94039E+02	 4.48800E+02
 5.94172E+02	 4.49600E+02
 5.94305E+02	 4.47900E+02
 5.94438E+02	 4.48400E+02
 5.94571E+02	 4.50400E+02
 5.94704E+02	 4.50400E+02
 5.94837E+02	 4.49800E+02
 5.94970E+02	 4.49500E+02
 5.95103E+02	 4.47900E+02
 5.95236E+02	 4.49000E+02
 5.95369E+02	 4.49600E+02
 5.95502E+02	 4.48700E+02
 5.95635E+02	 4.47900E+02
 5.95768E+02	 4.48000E+02
 5.95901E+02	 4.48600E+02
 5.96034E+02	 4.49100E+02
 5.96167E+02	 4.49100E+02
 5.96300E+02	 4.49500E+02
 5.96433E+02	 4.50000E+02
 5.96566E+02	 4.48300E+02
 5.96699E+02	 4.47400E+02
 5.96832E+02	 4.48900E+02
 5.96965E+02	 4.49300E+02
 5.97098E+02	 4.48400E+02
 5.97230E+02	 4.49200E+02
 5.97363E+02	 4.46500E+02
 5.97496E+02	 4.48100E+02
 5.97629E+02	 4.49200E+02
 5.97762E+02	 4.48700E+02
 5.97895E+02	 4.48000E+02
 5.98028E+02	 4.48800E+02
 5.98161E+02	 4.48900E+02
 5.98294E+02	 4.49100E+02
 5.98427E+02	 4.48000E+02
 5.98559E+02	 4.49800E+02
 5.98692E+02	 4.49500E+02
 5.98825E+02	 4.50000E+02
 5.98958E+02	 4.48800E+02
 5.99091E+02	 4.49600E+02
 5.99224E+02	 4.48500E+02
 5.99357E+02	 4.49100E+02
 5.99489E+02	 4.49000E+02
 5.99622E+02	 4.47900E+02
 5.99755E+02	 4.47700E+02
 5.99888E+02	 4.47900E+02
 6.00021E+02	 4.47700E+02
 6.00153E+02	 4.48600E+02
 6.00286E+02	 4.49000E+02
 6.00419E+02	 4.49700E+02
 6.00552E+02	 4.47000E+02
 6.00685E+02	 4.48700E+02
 6.00818E+02	 4.47800E+02
 6.00950E+02	 4.48400E+02
 6.01083E+02	 4.48300E+02
 6.01216E+02	 4.48900E+02
 6.01349E+02	 4.50200E+02
 6.01481E+02	 4.48800E+02
 6.01614E+02	 4.50100E+02
 6.01747E+02	 4.48800E+02
 6.01880E+02	 4.49300E+02
 6.02012E+02	 4.48500E+02
 6.02145E+02	 4.49100E+02
 6.02278E+02	 4.48800E+02
 6.02411E+02	 4.50300E+02
 6.02543E+02	 4.47000E+02
 6.02676E+02	 4.48700E+02
 6.02809E+02	 4.50700E+02
 6.02942E+02	 4.47700E+02
 6.03074E+02	 4.48400E+02
 6.03207E+02	 4.47500E+02
 6.03340E+02	 4.46800E+02
 6.03472E+02	 4.49500E+02
 6.03605E+02	 4.47900E+02
 6.03738E+02	 4.48600E+02
 6.03871E+02	 4.48300E+02
 6.04003E+02	 4.47500E+02
 6.04136E+02	 4.46800E+02
 6.04269E+02	 4.49900E+02
 6.04401E+02	 4.46600E+02
 6.04534E+02	 4.47900E+02
 6.04667E+02	 4.47700E+02
 6.04799E+02	 4.49600E+02
 6.04932E+02	 4.49600E+02
 6.05065E+02	 4.45700E+02
 6.05197E+02	 4.46700E+02
 6.05330E+02	 4.49200E+02
 6.05463E+02	 4.51000E+02
 6.05595E+02	 4.48700E+02
 6.05728E+02	 4.48200E+02
 6.05860E+02	 4.49000E+02
 6.05993E+02	 4.48800E+02
 6.06126E+02	 4.47500E+02
 6.06258E+02	 4.48000E+02
 6.06391E+02	 4.48000E+02
 6.06524E+02	 4.46600E+02
 6.06656E+02	 4.48000E+02
 6.06789E+02	 4.48700E+02
 6.06921E+02	 4.49400E+02
 6.07054E+02	 4.49000E+02
 6.07187E+02	 4.48500E+02
 6.07319E+02	 4.48100E+02
 6.07452E+02	 4.48700E+02
 6.07584E+02	 4.49500E+02
 6.07717E+02	 4.49700E+02
 6.07849E+02	 4.48600E+02
 6.07982E+02	 4.51500E+02
 6.08115E+02	 4.48300E+02
 6.08247E+02	 4.48200E+02
 6.08380E+02	 4.47500E+02
 6.08512E+02	 4.49700E+02
 6.08645E+02	 4.48400E+02
 6.08777E+02	 4.48700E+02
 6.08910E+02	 4.50900E+02
 6.09042E+02	 4.48000E+02
 6.09175E+02	 4.49400E+02
 6.09307E+02	 4.47700E+02
 6.09440E+02	 4.48600E+02
 6.09572E+02	 4.48400E+02
 6.09705E+02	 4.49400E+02
 6.09838E+02	 4.48500E+02
 6.09970E+02	 4.48200E+02
 6.10103E+02	 4.50400E+02
 6.10235E+02	 4.46700E+02
 6.10367E+02	 4.48200E+02
 6.10500E+02	 4.50200E+02
 6.10632E+02	 4.49700E+02
 6.10765E+02	 4.47200E+02
 6.10897E+02	 4.49300E+02
 6.11030E+02	 4.49700E+02
 6.11162E+02	 4.50000E+02
 6.11295E+02	 4.50400E+02
 6.11427E+02	 4.49300E+02
 6.11560E+02	 4.49300E+02
 6.11692E+02	 4.49700E+02
 6.11825E+02	 4.48500E+02
 6.11957E+02	 4.49000E+02
 6.12090E+02	 4.47600E+02
 6.12222E+02	 4.49200E+02
 6.12354E+02	 4.48500E+02
 6.12487E+02	 4.47300E+02
 6.12619E+02	 4.48800E+02
 6.12752E+02	 4.49300E+02
 6.12884E+02	 4.50000E+02
 6.13017E+02	 4.48200E+02
 6.13149E+02	 4.49300E+02
 6.13281E+02	 4.50600E+02
 6.13414E+02	 4.51300E+02
 6.13546E+02	 4.47500E+02
 6.13679E+02	 4.48000E+02
 6.13811E+02	 4.48800E+02
 6.13943E+02	 4.48100E+02
 6.14076E+02	 4.48500E+02
 6.14208E+02	 4.49700E+02
 6.14340E+02	 4.48100E+02
 6.14473E+02	 4.50100E+02
 6.14605E+02	 4.49700E+02
 6.14738E+02	 4.50300E+02
 6.14870E+02	 4.49500E+02
 6.15002E+02	 4.48100E+02
 6.15135E+02	 4.50300E+02
 6.15267E+02	 4.49100E+02
 6.15399E+02	 4.49900E+02
 6.15532E+02	 4.50800E+02
 6.15664E+02	 4.49900E+02
 6.15796E+02	 4.48000E+02
 6.15929E+02	 4.48700E+02
 6.16061E+02	 4.47600E+02
 6.16193E+02	 4.50400E+02
 6.16326E+02	 4.48800E+02
 6.16458E+02	 4.49500E+02
 6.16590E+02	 4.47400E+02
 6.16723E+02	 4.50100E+02
 6.16855E+02	 4.49400E+02
 6.16987E+02	 4.50400E+02
 6.17120E+02	 4.48000E+02
 6.17252E+02	 4.48400E+02
 6.17384E+02	 4.50700E+02
 6.17516E+02	 4.47000E+02
 6.17649E+02	 4.50300E+02
 6.17781E+02	 4.49600E+02
 6.17913E+02	 4.48100E+02
 6.18045E+02	 4.48200E+02
 6.18178E+02	 4.50300E+02
 6.18310E+02	 4.48800E+02
 6.18442E+02	 4.48600E+02
 6.18575E+02	 4.49900E+02
 6.18707E+02	 4.49600E+02
 6.18839E+02	 4.47500E+02
 6.18971E+02	 4.49300E+02
 6.19104E+02	 4.49500E+02
 6.19236E+02	 4.51500E+02
 6.19368E+02	 4.49800E+02
 6.19500E+02	 4.50400E+02
 6.19632E+02	 4.49900E+02
 6.19765E+02	 4.48400E+02
 6.19897E+02	 4.51200E+02
 6.20029E+02	 4.49200E+02
 6.20161E+02	 4.49800E+02
 6.20294E+02	 4.48400E+02
 6.20426E+02	 4.50300E+02
 6.20558E+02	 4.48500E+02
 6.20690E+02	 4.52400E+02
 6.20822E+02	 4.48000E+02
 6.20955E+02	 4.48700E+02
 6.21087E+02	 4.49600E+02
 6.21219E+02	 4.49400E+02
 6.21351E+02	 4.47900E+02
 6.21483E+02	 4.49300E+02
 6.21616E+02	 4.48700E+02
 6.21748E+02	 4.48700E+02
 6.21880E+02	 4.49300E+02
 6.22012E+02	 4.47800E+02
 6.22144E+02	 4.50600E+02
 6.22276E+02	 4.50700E+02
 6.22409E+02	 4.50600E+02
 6.22541E+02	 4.48700E+02
 6.22673E+02	 4.46800E+02
 6.22805E+02	 4.49600E+02
 6.22937E+02	 4.50400E+02
 6.23069E+02	 4.47100E+02
 6.23201E+02	 4.49200E+02
 6.23334E+02	 4.50200E+02
 6.23466E+02	 4.49900E+02
 6.23598E+02	 4.47200E+02
 6.23730E+02	 4.49800E+02
 6.23862E+02	 4.47700E+02
 6.23994E+02	 4.49900E+02
 6.24126E+02	 4.48200E+02
 6.24258E+02	 4.50300E+02
 6.24390E+02	 4.51800E+02
 6.24523E+02	 4.49900E+02
 6.24655E+02	 4.48100E+02
 6.24787E+02	 4.48700E+02
 6.24919E+02	 4.49100E+02
 6.25051E+02	 4.49800E+02
 6.25183E+02	 4.49900E+02
 6.25315E+02	 4.49300E+02
 6.25447E+02	 4.48600E+02
 6.25579E+02	 4.48200E+02
 6.25711E+02	 4.48800E+02
 6.25843E+02	 4.48800E+02
 6.25976E+02	 4.50900E+02
 6.26108E+02	 4.49000E+02
 6.26240E+02	 4.48000E+02
 6.26372E+02	 4.47300E+02
 6.26504E+02	 4.48900E+02
 6.26636E+02	 4.49400E+02
 6.26768E+02	 4.50800E+02
 6.26900E+02	 4.50400E+02
 6.27032E+02	 4.50400E+02
 6.27164E+02	 4.51800E+02
 6.27296E+02	 4.48500E+02
 6.27428E+02	 4.48500E+02
 6.27560E+02	 4.48700E+02
 6.27692E+02	 4.50000E+02
 6.27824E+02	 4.51000E+02
 6.27956E+02	 4.50300E+02
 6.28088E+02	 4.50400E+02
 6.28220E+02	 4.50500E+02
 6.28352E+02	 4.47700E+02
 6.28484E+02	 4.49800E+02
 6.28616E+02	 4.48500E+02
 6.28748E+02	 4.49300E+02
 6.28880E+02	 4.49600E+02
 6.29012E+02	 4.51600E+02
 6.29144E+02	 4.50500E+02
 6.29276E+02	 4.48300E+02
 6.29408E+02	 4.49600E+02
 6.29540E+02	 4.46600E+02
 6.29672E+02	 4.49900E+02
 6.29804E+02	 4.51200E+02
 6.29936E+02	 4.49000E+02
 6.30068E+02	 4.50400E+02
 6.30200E+02	 4.50300E+02
 6.30332E+02	 4.50600E+02
 6.30464E+02	 4.49300E+02
 6.30596E+02	 4.50000E+02
 6.30728E+02	 4.48700E+02
 6.30860E+02	 4.50600E+02
 6.30992E+02	 4.50700E+02
 6.31124E+02	 4.50000E+02
 6.31256E+02	 4.50900E+02
 6.31388E+02	 4.50800E+02
 6.31520E+02	 4.48400E+02
 6.31651E+02	 4.48300E+02
 6.31783E+02	 4.51300E+02
 6.31915E+02	 4.49200E+02
 6.32047E+02	 4.48000E+02
 6.32179E+02	 4.48800E+02
 6.32311E+02	 4.48700E+02
 6.32443E+02	 4.47900E+02
 6.32575E+02	 4.51500E+02
 6.32707E+02	 4.49500E+02
 6.32839E+02	 4.49900E+02
 6.32971E+02	 4.47100E+02
 6.33103E+02	 4.51100E+02
 6.33234E+02	 4.49900E+02
 6.33366E+02	 4.48200E+02
 6.33498E+02	 4.48400E+02
 6.33630E+02	 4.49000E+02
 6.33762E+02	 4.49300E+02
 6.33894E+02	 4.47600E+02
 6.34026E+02	 4.46900E+02
 6.34158E+02	 4.48300E+02
 6.34290E+02	 4.49400E+02
 6.34421E+02	 4.47900E+02
 6.34553E+02	 4.47100E+02
 6.34685E+02	 4.47700E+02
 6.34817E+02	 4.47500E+02
 6.34949E+02	 4.48600E+02
 6.35081E+02	 4.47600E+02
 6.35213E+02	 4.49800E+02
 6.35344E+02	 4.49300E+02
 6.35476E+02	 4.49700E+02
 6.35608E+02	 4.50400E+02
 6.35740E+02	 4.47500E+02
 6.35872E+02	 4.50300E+02
 6.36004E+02	 4.49800E+02
 6.36135E+02	 4.51600E+02
 6.36267E+02	 4.48600E+02
 6.36399E+02	 4.48500E+02
 6.36531E+02	 4.47900E+02
 6.36663E+02	 4.50900E+02
 6.36795E+02	 4.48800E+02
 6.36926E+02	 4.47500E+02
 6.37058E+02	 4.48000E+02
 6.37190E+02	 4.50300E+02
 6.37322E+02	 4.47700E+02
 6.37454E+02	 4.48400E+02
 6.37586E+02	 4.47800E+02
 6.37717E+02	 4.47900E+02
 6.37849E+02	 4.49300E+02
 6.37981E+02	 4.48200E+02
 6.38113E+02	 4.48700E+02
 6.38244E+02	 4.47800E+02
 6.38376E+02	 4.48400E+02
 6.38508E+02	 4.49400E+02
 6.38640E+02	 4.47800E+02
 6.38772E+02	 4.49200E+02
 6.38903E+02	 4.48400E+02
 6.39035E+02	 4.46200E+02
 6.39167E+02	 4.48600E+02
 6.39299E+02	 4.46500E+02
 6.39431E+02	 4.50700E+02
 6.39562E+02	 4.48200E+02
 6.39694E+02	 4.47800E+02
 6.39826E+02	 4.48200E+02
 6.39958E+02	 4.49400E+02
 6.40089E+02	 4.49800E+02
 6.40221E+02	 4.48800E+02
 6.40353E+02	 4.46900E+02
 6.40485E+02	 4.48100E+02
 6.40616E+02	 4.48900E+02
 6.40748E+02	 4.47900E+02
 6.40880E+02	 4.48900E+02
 6.41012E+02	 4.48800E+02
 6.41143E+02	 4.50200E+02
 6.41275E+02	 4.46700E+02
 6.41407E+02	 4.49300E+02
 6.41538E+02	 4.48000E+02
 6.41670E+02	 4.48100E+02
 6.41802E+02	 4.47500E+02
 6.41934E+02	 4.47100E+02
 6.42065E+02	 4.46600E+02
 6.42197E+02	 4.47700E+02
 6.42329E+02	 4.47200E+02
 6.42461E+02	 4.47600E+02
 6.42592E+02	 4.47500E+02
 6.42724E+02	 4.47900E+02
 6.42856E+02	 4.48400E+02
 6.42987E+02	 4.46200E+02
 6.43119E+02	 4.48200E+02
 6.43251E+02	 4.48100E+02
 6.43382E+02	 4.48300E+02
 6.43514E+02	 4.48200E+02
 6.43646E+02	 4.47900E+02
 6.43778E+02	 4.47400E+02
 6.43909E+02	 4.48200E+02
 6.44041E+02	 4.48000E+02
 6.44173E+02	 4.48700E+02
 6.44304E+02	 4.48400E+02
 6.44436E+02	 4.48500E+02
 6.44568E+02	 4.49100E+02
 6.44699E+02	 4.44300E+02
 6.44831E+02	 4.46900E+02
 6.44963E+02	 4.46800E+02
 6.45094E+02	 4.49900E+02
 6.45226E+02	 4.47200E+02
 6.45358E+02	 4.48700E+02
 6.45489E+02	 4.47600E+02
 6.45621E+02	 4.47900E+02
 6.45753E+02	 4.47200E+02
 6.45884E+02	 4.45100E+02
 6.46016E+02	 4.47400E+02
 6.46147E+02	 4.48100E+02
 6.46279E+02	 4.49200E+02
 6.46411E+02	 4.48100E+02
 6.46542E+02	 4.47900E+02
 6.46674E+02	 4.48400E+02
 6.46806E+02	 4.48200E+02
 6.46937E+02	 4.47400E+02
 6.47069E+02	 4.47000E+02
 6.47201E+02	 4.49700E+02
 6.47332E+02	 4.45800E+02
 6.47464E+02	 4.45700E+02
 6.47595E+02	 4.45600E+02
 6.47727E+02	 4.48100E+02
 6.47859E+02	 4.47000E+02
 6.47990E+02	 4.48700E+02
 6.48122E+02	 4.46700E+02
 6.48254E+02	 4.49500E+02
 6.48385E+02	 4.45900E+02
 6.48517E+02	 4.47100E+02
 6.48648E+02	 4.45900E+02
 6.48780E+02	 4.45700E+02
 6.48912E+02	 4.48400E+02
 6.49043E+02	 4.43000E+02
 6.49175E+02	 4.47300E+02
 6.49306E+02	 4.47400E+02
 6.49438E+02	 4.44900E+02
 6.49569E+02	 4.47000E+02
 6.49701E+02	 4.46900E+02
 6.49833E+02	 4.45500E+02
 6.49964E+02	 4.48300E+02
 6.50096E+02	 4.46100E+02
 6.50227E+02	 4.46600E+02
 6.50359E+02	 4.46700E+02
 6.50491E+02	 4.46300E+02
 6.50622E+02	 4.45000E+02
 6.50754E+02	 4.46300E+02
 6.50885E+02	 4.47300E+02
 6.51017E+02	 4.44700E+02
 6.51148E+02	 4.47600E+02
 6.51280E+02	 4.46300E+02
 6.51412E+02	 4.46000E+02
 6.51543E+02	 4.48800E+02
 6.51675E+02	 4.46300E+02
 6.51806E+02	 4.46500E+02
 6.51938E+02	 4.44000E+02
 6.52069E+02	 4.44500E+02
 6.52201E+02	 4.45700E+02
 6.52332E+02	 4.48100E+02
 6.52464E+02	 4.46700E+02
 6.52595E+02	 4.47600E+02
 6.52727E+02	 4.46900E+02
 6.52859E+02	 4.49600E+02
 6.52990E+02	 4.44900E+02
 6.53122E+02	 4.44300E+02
 6.53253E+02	 4.44800E+02
 6.53385E+02	 4.46200E+02
 6.53516E+02	 4.48900E+02
 6.53648E+02	 4.46000E+02
 6.53779E+02	 4.44800E+02
 6.53911E+02	 4.45800E+02
 6.54042E+02	 4.46400E+02
 6.54174E+02	 4.47200E+02
 6.54305E+02	 4.47100E+02
 6.54437E+02	 4.45900E+02
 6.54568E+02	 4.46200E+02
 6.54700E+02	 4.47000E+02
 6.54831E+02	 4.46200E+02
 6.54963E+02	 4.46100E+02
 6.55094E+02	 4.44900E+02
 6.55226E+02	 4.44700E+02
 6.55357E+02	 4.47300E+02
 6.55489E+02	 4.47100E+02
 6.55620E+02	 4.44800E+02
 6.55752E+02	 4.45400E+02
 6.55883E+02	 4.45300E+02
 6.56015E+02	 4.46100E+02
 6.56146E+02	 4.47200E+02
 6.56278E+02	 4.44000E+02
 6.56409E+02	 4.47100E+02
 6.56541E+02	 4.45100E+02
 6.56672E+02	 4.47300E+02
 6.56804E+02	 4.45800E+02
 6.56935E+02	 4.46700E+02
 6.57067E+02	 4.46400E+02
 6.57198E+02	 4.45200E+02
 6.57330E+02	 4.47800E+02
 6.57461E+02	 4.45700E+02
 6.57593E+02	 4.46600E+02
 6.57724E+02	 4.44900E+02
 6.57856E+02	 4.44800E+02
 6.57987E+02	 4.45400E+02
 6.58119E+02	 4.44500E+02
 6.58250E+02	 4.45200E+02
 6.58382E+02	 4.45000E+02
 6.58513E+02	 4.47500E+02
 6.58645E+02	 4.44300E+02
 6.58776E+02	 4.46500E+02
 6.58907E+02	 4.43800E+02
 6.59039E+02	 4.46300E+02
 6.59170E+02	 4.46300E+02
 6.59302E+02	 4.45100E+02
 6.59433E+02	 4.42500E+02
 6.59565E+02	 4.43700E+02
 6.59696E+02	 4.47100E+02
 6.59828E+02	 4.44000E+02
 6.59959E+02	 4.44900E+02
 6.60091E+02	 4.44700E+02
 6.60222E+02	 4.47300E+02
 6.60353E+02	 4.43500E+02
 6.60485E+02	 4.45900E+02
 6.60616E+02	 4.46000E+02
 6.60748E+02	 4.45000E+02
 6.60879E+02	 4.44600E+02
 6.61011E+02	 4.44100E+02
 6.61142E+02	 4.45200E+02
 6.61273E+02	 4.44700E+02
 6.61405E+02	 4.44100E+02
 6.61536E+02	 4.44900E+02
 6.61668E+02	 4.46300E+02
 6.61799E+02	 4.43000E+02
 6.61931E+02	 4.43700E+02
 6.62062E+02	 4.42300E+02
 6.62193E+02	 4.45200E+02
 6.62325E+02	 4.43600E+02
 6.62456E+02	 4.43200E+02
 6.62588E+02	 4.42600E+02
 6.62719E+02	 4.43500E+02
 6.62851E+02	 4.43300E+02
 6.62982E+02	 4.44200E+02
 6.63113E+02	 4.42800E+02
 6.63245E+02	 4.43900E+02
 6.63376E+02	 4.44000E+02
 6.63508E+02	 4.42200E+02
 6.63639E+02	 4.44600E+02
 6.63770E+02	 4.43000E+02
 6.63902E+02	 4.43400E+02
 6.64033E+02	 4.42500E+02
 6.64165E+02	 4.42500E+02
 6.64296E+02	 4.42600E+02
 6.64427E+02	 4.42100E+02
