 4.30700E+02
 4.31000E+02
 4.31300E+02
 4.31800E+02
 4.33200E+02
 4.31000E+02
 4.30700E+02
 4.32500E+02
 4.30000E+02
 4.30200E+02
 4.31000E+02
 4.31500E+02
 4.31300E+02
 4.31500E+02
 4.32800E+02
 4.31600E+02
 4.31800E+02
 4.31300E+02
 4.32600E+02
 4.29500E+02
 4.31300E+02
 4.30500E+02
 4.29700E+02
 4.30100E+02
 4.30100E+02
 4.31600E+02
 4.31100E+02
 4.32900E+02
 4.34100E+02
 4.34300E+02
 4.31400E+02
 4.32000E+02
 4.30500E+02
 4.31300E+02
 4.31300E+02
 4.30900E+02
 4.30600E+02
 4.32200E+02
 4.31600E+02
 4.32400E+02
 4.32400E+02
 4.33600E+02
 4.34800E+02
 4.34700E+02
 4.35700E+02
 4.36800E+02
 4.36800E+02
 4.37100E+02
 4.36600E+02
 4.35300E+02
 4.36600E+02
 4.36400E+02
 4.36400E+02
 4.36800E+02
 4.37000E+02
 4.36400E+02
 4.35900E+02
 4.34200E+02
 4.36500E+02
 4.35000E+02
 4.37300E+02
 4.36200E+02
 4.35500E+02
 4.36100E+02
 4.36700E+02
 4.36300E+02
 4.36500E+02
 4.36400E+02
 4.37000E+02
 4.36600E+02
 4.36700E+02
 4.35900E+02
 4.36100E+02
 4.38800E+02
 4.37000E+02
 4.37300E+02
 4.35900E+02
 4.36500E+02
 4.36100E+02
 4.37500E+02
 4.36800E+02
 4.37800E+02
 4.36700E+02
 4.36200E+02
 4.38000E+02
 4.36900E+02
 4.35200E+02
 4.36800E+02
 4.37400E+02
 4.36400E+02
 4.36400E+02
 4.37100E+02
 4.37900E+02
 4.36800E+02
 4.37600E+02
 4.36500E+02
 4.38100E+02
 4.37700E+02
 4.35600E+02
 4.37500E+02
 4.36300E+02
 4.36300E+02
 4.38000E+02
 4.36500E+02
 4.37100E+02
 4.37200E+02
 4.38700E+02
 4.39000E+02
 4.36600E+02
 4.36600E+02
 4.37100E+02
 4.38400E+02
 4.38700E+02
 4.36500E+02
 4.37300E+02
 4.38000E+02
 4.37900E+02
 4.37500E+02
 4.39000E+02
 4.36300E+02
 4.38200E+02
 4.37800E+02
 4.38300E+02
 4.39100E+02
 4.39000E+02
 4.38700E+02
 4.39800E+02
 4.39500E+02
 4.38900E+02
 4.37500E+02
 4.38500E+02
 4.39200E+02
 4.39000E+02
 4.38600E+02
 4.39900E+02
 4.37600E+02
 4.40300E+02
 4.38700E+02
 4.36700E+02
 4.39100E+02
 4.39800E+02
 4.40200E+02
 4.39200E+02
 4.39400E+02
 4.38800E+02
 4.40100E+02
 4.40900E+02
 4.41100E+02
 4.39400E+02
 4.39100E+02
 4.40100E+02
 4.37900E+02
 4.39900E+02
 4.41400E+02
 4.40700E+02
 4.39900E+02
 4.39100E+02
 4.39500E+02
 4.40500E+02
 4.40100E+02
 4.38800E+02
 4.40300E+02
 4.39100E+02
 4.41700E+02
 4.40100E+02
 4.40200E+02
 4.39900E+02
 4.41100E+02
 4.40400E+02
 4.39400E+02
 4.40700E+02
 4.38500E+02
 4.39900E+02
 4.39700E+02
 4.41300E+02
 4.40200E+02
 4.38800E+02
 4.39900E+02
 4.40300E+02
 4.40000E+02
 4.39300E+02
 4.40700E+02
 4.40300E+02
 4.38700E+02
 4.41600E+02
 4.40400E+02
 4.41800E+02
 4.41000E+02
 4.40100E+02
 4.42300E+02
 4.39900E+02
 4.39000E+02
 4.40400E+02
 4.41000E+02
 4.41600E+02
 4.41700E+02
 4.40900E+02
 4.41400E+02
 4.41400E+02
 4.41800E+02
 4.44100E+02
 4.42400E+02
 4.42700E+02
 4.41700E+02
 4.41700E+02
 4.41600E+02
 4.42800E+02
 4.42100E+02
 4.40600E+02
 4.41700E+02
 4.40900E+02
 4.39600E+02
 4.42600E+02
 4.40200E+02
 4.42000E+02
 4.41900E+02
 4.43000E+02
 4.41900E+02
 4.41100E+02
 4.42400E+02
 4.41900E+02
 4.42600E+02
 4.42400E+02
 4.42900E+02
 4.44100E+02
 4.41500E+02
 4.43800E+02
 4.43400E+02
 4.43000E+02
 4.42700E+02
 4.42800E+02
 4.43800E+02
 4.41800E+02
 4.41000E+02
 4.42500E+02
 4.43000E+02
 4.42900E+02
 4.43300E+02
 4.43700E+02
 4.45000E+02
 4.44400E+02
 4.42900E+02
 4.44600E+02
 4.44400E+02
 4.44100E+02
 4.42600E+02
 4.44000E+02
 4.44300E+02
 4.42400E+02
 4.43300E+02
 4.45200E+02
 4.42200E+02
 4.44900E+02
 4.44100E+02
 4.42700E+02
 4.42300E+02
 4.45000E+02
 4.43300E+02
 4.43800E+02
 4.43400E+02
 4.43800E+02
 4.44500E+02
 4.44200E+02
 4.45300E+02
 4.46900E+02
 4.45300E+02
 4.45800E+02
 4.46600E+02
 4.44200E+02
 4.45200E+02
 4.46100E+02
 4.43900E+02
 4.44700E+02
 4.46200E+02
 4.43200E+02
 4.47400E+02
 4.46100E+02
 4.45800E+02
 4.47500E+02
 4.44500E+02
 4.44900E+02
 4.48000E+02
 4.44500E+02
 4.44700E+02
 4.44900E+02
 4.45100E+02
 4.45700E+02
 4.43800E+02
 4.45000E+02
 4.49000E+02
 4.49700E+02
 4.44300E+02
 4.45300E+02
 4.47100E+02
 4.46000E+02
 4.46800E+02
 4.47700E+02
 4.46700E+02
 4.48400E+02
 4.45400E+02
 4.50800E+02
 4.48800E+02
 4.48700E+02
 4.46900E+02
 4.48500E+02
 4.49500E+02
 4.47400E+02
 4.48600E+02
 4.50000E+02
 4.49100E+02
 4.48400E+02
 4.47500E+02
 4.48600E+02
 4.47200E+02
 4.48300E+02
 4.46800E+02
 4.47800E+02
 4.50500E+02
 4.48500E+02
 4.47700E+02
 4.49600E+02
 4.50200E+02
 4.51600E+02
 4.49200E+02
 4.46300E+02
 4.49300E+02
 4.51500E+02
 4.48700E+02
 4.51200E+02
 4.51400E+02
 4.49800E+02
 4.52300E+02
 4.53100E+02
 4.48100E+02
 4.49600E+02
 4.51300E+02
 4.49400E+02
 4.51100E+02
 4.49700E+02
 4.49000E+02
 4.51100E+02
 4.51600E+02
 4.50300E+02
 4.49900E+02
 4.50800E+02
 4.52300E+02
 4.50400E+02
 4.48500E+02
 4.49100E+02
 4.50900E+02
 4.50300E+02
 4.50800E+02
 4.50900E+02
 4.51600E+02
 4.51600E+02
 4.51800E+02
 4.50900E+02
 4.51300E+02
 4.50900E+02
 4.52100E+02
 4.52900E+02
 4.51400E+02
 4.50700E+02
 4.52500E+02
 4.51300E+02
 4.49700E+02
 4.54500E+02
 4.55100E+02
 4.53300E+02
 4.53500E+02
 4.53800E+02
 4.52600E+02
 4.53100E+02
 4.53100E+02
 4.52600E+02
 4.51700E+02
 4.53400E+02
 4.53900E+02
 4.53000E+02
 4.53100E+02
 4.53700E+02
 4.53100E+02
 4.53500E+02
 4.52800E+02
 4.52800E+02
 4.54800E+02
 4.50800E+02
 4.54500E+02
 4.56300E+02
 4.55100E+02
 4.51400E+02
 4.55200E+02
 4.55900E+02
 4.54300E+02
 4.54700E+02
 4.56000E+02
 4.53400E+02
 4.56300E+02
 4.54700E+02
 4.56500E+02
 4.56800E+02
 4.56100E+02
 4.56400E+02
 4.57400E+02
 4.56400E+02
 4.56800E+02
 4.56600E+02
 4.55900E+02
 4.54600E+02
 4.53000E+02
 4.53300E+02
 4.54300E+02
 4.55100E+02
 4.54400E+02
 4.56300E+02
 4.56800E+02
 4.56600E+02
 4.54600E+02
 4.56100E+02
 4.56900E+02
 4.57000E+02
 4.57100E+02
 4.56500E+02
 4.56000E+02
 4.57300E+02
 4.54700E+02
 4.56700E+02
 4.56900E+02
 4.56600E+02
 4.56700E+02
 4.57000E+02
 4.56200E+02
 4.56900E+02
 4.59900E+02
 4.56500E+02
 4.54200E+02
 4.56400E+02
 4.54800E+02
 4.58500E+02
 4.57300E+02
 4.53900E+02
 4.57400E+02
 4.59600E+02
 4.59500E+02
 4.56600E+02
 4.59100E+02
 4.57800E+02
 4.58400E+02
 4.58700E+02
 4.57800E+02
 4.57000E+02
 4.59000E+02
 4.61800E+02
 4.57800E+02
 4.56100E+02
 4.57900E+02
 4.60300E+02
 4.60600E+02
 4.60200E+02
 4.60000E+02
 4.57400E+02
 4.57700E+02
 4.58200E+02
 4.57100E+02
 4.60700E+02
 4.59000E+02
 4.59100E+02
 4.59000E+02
 4.57800E+02
 4.60300E+02
 4.59500E+02
 4.58800E+02
 4.61100E+02
 4.61200E+02
 4.57600E+02
 4.58400E+02
 4.61400E+02
 4.60200E+02
 4.57900E+02
 4.61500E+02
 4.60000E+02
 4.59500E+02
 4.60400E+02
 4.61800E+02
 4.61400E+02
 4.60300E+02
 4.58400E+02
 4.60700E+02
 4.60400E+02
 4.63200E+02
 4.58900E+02
 4.59600E+02
 4.62400E+02
 4.61600E+02
 4.61600E+02
 4.60900E+02
 4.63000E+02
 4.62500E+02
 4.60400E+02
 4.60800E+02
 4.62900E+02
 4.59400E+02
 4.59500E+02
 4.61400E+02
 4.63900E+02
 4.63100E+02
 4.64400E+02
 4.60500E+02
 4.63000E+02
 4.62000E+02
 4.61500E+02
 4.61900E+02
 4.64000E+02
 4.64300E+02
 4.61700E+02
 4.61600E+02
 4.64000E+02
 4.63400E+02
 4.64800E+02
 4.64800E+02
 4.63700E+02
 4.63000E+02
 4.63100E+02
 4.65200E+02
 4.64100E+02
 4.64800E+02
 4.62000E+02
 4.64600E+02
 4.65300E+02
 4.64200E+02
 4.64100E+02
 4.66900E+02
 4.64800E+02
 4.64000E+02
 4.63000E+02
 4.65100E+02
 4.63200E+02
 4.65800E+02
 4.63900E+02
 4.69900E+02
 4.68000E+02
 4.64400E+02
 4.70300E+02
 4.66700E+02
 4.66900E+02
 4.67200E+02
 4.66900E+02
 4.66600E+02
 4.64100E+02
 4.67100E+02
 4.65500E+02
 4.64600E+02
 4.68800E+02
 4.62900E+02
 4.65200E+02
 4.65300E+02
 4.65000E+02
 4.66500E+02
 4.66400E+02
 4.66800E+02
 4.64100E+02
 4.66700E+02
 4.68300E+02
 4.66600E+02
 4.67100E+02
 4.68300E+02
 4.69200E+02
 4.65200E+02
 4.66900E+02
 4.65500E+02
 4.69300E+02
 4.68000E+02
 4.67300E+02
 4.64800E+02
 4.68000E+02
 4.68900E+02
 4.70800E+02
 4.70900E+02
 4.66500E+02
 4.65600E+02
 4.66200E+02
 4.67900E+02
 4.67000E+02
 4.70700E+02
 4.70800E+02
 4.67600E+02
 4.67600E+02
 4.68900E+02
 4.67700E+02
 4.70200E+02
 4.67900E+02
 4.69700E+02
 4.69900E+02
 4.68100E+02
 4.68500E+02
 4.69400E+02
 4.70400E+02
 4.72200E+02
 4.70000E+02
 4.67000E+02
 4.71600E+02
 4.71400E+02
 4.68300E+02
 4.70900E+02
 4.67300E+02
 4.71000E+02
 4.67600E+02
 4.71600E+02
 4.69300E+02
 4.70300E+02
 4.71100E+02
 4.71600E+02
 4.70600E+02
 4.70700E+02
 4.73600E+02
 4.72200E+02
 4.71300E+02
 4.72300E+02
 4.70300E+02
 4.71900E+02
 4.69000E+02
 4.69900E+02
 4.71900E+02
 4.69600E+02
 4.69900E+02
 4.70800E+02
 4.72300E+02
 4.72900E+02
 4.72800E+02
 4.74900E+02
 4.70500E+02
 4.71000E+02
 4.71600E+02
 4.70600E+02
 4.73000E+02
 4.71700E+02
 4.74100E+02
 4.72000E+02
 4.72400E+02
 4.73400E+02
 4.75300E+02
 4.70600E+02
 4.72700E+02
 4.71600E+02
 4.71900E+02
 4.73100E+02
 4.72200E+02
 4.71000E+02
 4.71300E+02
 4.73300E+02
 4.70600E+02
 4.74100E+02
 4.73100E+02
 4.71900E+02
 4.72900E+02
 4.73000E+02
 4.72900E+02
 4.72800E+02
 4.73400E+02
 4.75400E+02
 4.71300E+02
 4.74900E+02
 4.74900E+02
 4.73900E+02
 4.73200E+02
 4.74000E+02
 4.74600E+02
 4.74200E+02
 4.73200E+02
 4.72600E+02
 4.75300E+02
 4.73600E+02
 4.76200E+02
 4.78400E+02
 4.72200E+02
 4.74800E+02
 4.77500E+02
 4.74300E+02
 4.74300E+02
 4.75000E+02
 4.77100E+02
 4.75700E+02
 4.76700E+02
 4.76500E+02
 4.73700E+02
 4.77900E+02
 4.74500E+02
 4.74800E+02
 4.74000E+02
 4.76000E+02
 4.79400E+02
 4.77900E+02
 4.72900E+02
 4.76100E+02
 4.76300E+02
 4.78000E+02
 4.77900E+02
 4.77400E+02
 4.75700E+02
 4.77400E+02
 4.78300E+02
 4.73800E+02
 4.74600E+02
 4.78700E+02
 4.74400E+02
 4.78600E+02
 4.76200E+02
 4.74100E+02
 4.78900E+02
 4.78200E+02
 4.78800E+02
 4.75800E+02
 4.76800E+02
 4.79800E+02
 4.77600E+02
 4.76400E+02
 4.79400E+02
 4.79100E+02
 4.78200E+02
 4.77500E+02
 4.80500E+02
 4.80200E+02
 4.79000E+02
 4.78600E+02
 4.77900E+02
 4.77200E+02
 4.81100E+02
 4.79200E+02
 4.79900E+02
 4.80700E+02
 4.80400E+02
 4.77900E+02
 4.78000E+02
 4.81900E+02
 4.79000E+02
 4.80200E+02
 4.78700E+02
 4.79800E+02
 4.79300E+02
 4.80500E+02
 4.80700E+02
 4.79200E+02
 4.78900E+02
 4.80400E+02
 4.78600E+02
 4.82300E+02
 4.79600E+02
 4.80000E+02
 4.79300E+02
 4.80900E+02
 4.78800E+02
 4.79300E+02
 4.83000E+02
 4.84100E+02
 4.81800E+02
 4.78900E+02
 4.80200E+02
 4.79600E+02
 4.80100E+02
 4.82200E+02
 4.81600E+02
 4.80800E+02
 4.79700E+02
 4.81700E+02
 4.82500E+02
 4.82100E+02
 4.77300E+02
 4.84900E+02
 4.80800E+02
 4.78800E+02
 4.81500E+02
 4.82200E+02
 4.80100E+02
 4.79300E+02
 4.78800E+02
 4.82600E+02
 4.82300E+02
 4.78600E+02
 4.80200E+02
 4.81000E+02
 4.79000E+02
 4.83400E+02
 4.79600E+02
 4.83100E+02
 4.79900E+02
 4.82200E+02
 4.81500E+02
 4.84400E+02
 4.81400E+02
 4.83300E+02
 4.81400E+02
 4.84000E+02
 4.79800E+02
 4.79100E+02
 4.82800E+02
 4.84700E+02
 4.82700E+02
 4.81700E+02
 4.83300E+02
 4.80600E+02
 4.81800E+02
 4.82900E+02
 4.87200E+02
 4.80800E+02
 4.83800E+02
 4.83900E+02
 4.79400E+02
 4.84900E+02
 4.84000E+02
 4.85800E+02
 4.81700E+02
 4.81200E+02
 4.84200E+02
 4.81900E+02
 4.83400E+02
 4.81000E+02
 4.83000E+02
 4.83800E+02
 4.83600E+02
 4.84700E+02
 4.81700E+02
 4.84700E+02
 4.81900E+02
 4.83100E+02
 4.86700E+02
 4.84200E+02
 4.83600E+02
 4.84600E+02
 4.83300E+02
 4.80600E+02
 4.80300E+02
 4.85600E+02
 4.82700E+02
 4.82800E+02
 4.81700E+02
 4.85400E+02
 4.82900E+02
 4.82800E+02
 4.80600E+02
 4.81200E+02
 4.81800E+02
 4.83800E+02
 4.82700E+02
 4.84700E+02
 4.84200E+02
 4.85500E+02
 4.85200E+02
 4.81500E+02
 4.83800E+02
 4.82600E+02
 4.84100E+02
 4.81900E+02
 4.80500E+02
 4.84000E+02
 4.86300E+02
 4.84100E+02
 4.84900E+02
 4.81800E+02
 4.82300E+02
 4.86400E+02
 4.85700E+02
 4.83300E+02
 4.84300E+02
 4.83800E+02
 4.85600E+02
 4.83400E+02
 4.82800E+02
 4.85500E+02
 4.85300E+02
 4.86100E+02
 4.83600E+02
 4.85000E+02
 4.81100E+02
 4.85100E+02
 4.83100E+02
 4.84500E+02
 4.83500E+02
 4.84500E+02
 4.85100E+02
 4.83000E+02
 4.85100E+02
 4.83500E+02
 4.84200E+02
 4.87700E+02
 4.84500E+02
 4.84700E+02
 4.83000E+02
 4.84800E+02
 4.84300E+02
 4.86700E+02
 4.86200E+02
 4.83200E+02
 4.82900E+02
 4.81900E+02
 4.86000E+02
 4.83500E+02
 4.83400E+02
 4.83100E+02
 4.83000E+02
 4.83500E+02
 4.83200E+02
 4.85100E+02
 4.85200E+02
 4.84900E+02
 4.87700E+02
 4.85600E+02
 4.84300E+02
 4.82900E+02
 4.85100E+02
 4.85200E+02
 4.86100E+02
 4.84900E+02
 4.84700E+02
 4.83900E+02
 4.83400E+02
 4.86200E+02
 4.84400E+02
 4.85300E+02
 4.87800E+02
 4.86000E+02
 4.85600E+02
 4.84000E+02
 4.85700E+02
 4.86900E+02
 4.85900E+02
 4.82000E+02
 4.84800E+02
 4.82900E+02
 4.85200E+02
 4.87100E+02
 4.85200E+02
 4.84200E+02
 4.82400E+02
 4.80500E+02
 4.83800E+02
 4.86800E+02
 4.86300E+02
 4.82700E+02
 4.84700E+02
 4.84000E+02
 4.84700E+02
 4.86700E+02
 4.84600E+02
 4.87700E+02
 4.86400E+02
 4.86500E+02
 4.83500E+02
 4.85200E+02
 4.82300E+02
 4.83900E+02
 4.83100E+02
 4.86200E+02
 4.85000E+02
 4.83600E+02
 4.84300E+02
 4.85600E+02
 4.82300E+02
 4.85600E+02
 4.83500E+02
 4.83500E+02
 4.86400E+02
 4.86700E+02
 4.84300E+02
 4.85900E+02
 4.87300E+02
 4.85000E+02
 4.83200E+02
 4.85600E+02
 4.85200E+02
 4.81700E+02
 4.82400E+02
 4.82200E+02
 4.84300E+02
 4.80700E+02
 4.86300E+02
 4.82400E+02
 4.83200E+02
 4.84400E+02
 4.86500E+02
 4.85400E+02
 4.84200E+02
 4.84500E+02
 4.82800E+02
 4.82900E+02
 4.85500E+02
 4.85000E+02
 4.84600E+02
 4.86300E+02
 4.84200E+02
 4.85200E+02
 4.83000E+02
 4.85000E+02
 4.84200E+02
 4.84200E+02
 4.83100E+02
 4.85800E+02
 4.85200E+02
 4.84800E+02
 4.82500E+02
 4.81500E+02
 4.87000E+02
 4.83100E+02
 4.82300E+02
 4.85800E+02
 4.81500E+02
 4.83000E+02
 4.82600E+02
 4.82400E+02
 4.83800E+02
 4.82700E+02
 4.86700E+02
 4.83700E+02
 4.81100E+02
 4.85600E+02
 4.81200E+02
 4.81400E+02
 4.83800E+02
 4.81500E+02
 4.81100E+02
 4.84200E+02
 4.81500E+02
 4.81600E+02
 4.85100E+02
 4.80700E+02
