 4.33700E+02
 4.30400E+02
 4.31300E+02
 4.31800E+02
 4.31800E+02
 4.32000E+02
 4.31100E+02
 4.32900E+02
 4.32400E+02
 4.32100E+02
 4.32200E+02
 4.31700E+02
 4.32600E+02
 4.30000E+02
 4.31700E+02
 4.32300E+02
 4.32400E+02
 4.31300E+02
 4.32000E+02
 4.31700E+02
 4.31000E+02
 4.31000E+02
 4.30700E+02
 4.30400E+02
 4.31100E+02
 4.31300E+02
 4.29700E+02
 4.33400E+02
 4.36500E+02
 4.32400E+02
 4.33100E+02
 4.32400E+02
 4.32600E+02
 4.32400E+02
 4.31700E+02
 4.30100E+02
 4.32600E+02
 4.32300E+02
 4.31700E+02
 4.33100E+02
 4.38100E+02
 4.45700E+02
 4.61300E+02
 4.79800E+02
 4.94400E+02
 4.97900E+02
 4.99100E+02
 4.97900E+02
 5.03100E+02
 5.01600E+02
 4.98200E+02
 5.01200E+02
 4.99700E+02
 4.99500E+02
 5.00100E+02
 5.01800E+02
 4.98600E+02
 4.98400E+02
 4.99400E+02
 4.99100E+02
 4.96700E+02
 4.99700E+02
 4.97500E+02
 4.97800E+02
 5.00500E+02
 5.01200E+02
 4.96200E+02
 4.96000E+02
 4.98800E+02
 4.99400E+02
 4.98300E+02
 4.99400E+02
 5.04400E+02
 5.12000E+02
 5.12200E+02
 5.06200E+02
 5.00800E+02
 4.97600E+02
 4.98300E+02
 4.97200E+02
 4.95300E+02
 4.99600E+02
 4.98500E+02
 5.01600E+02
 5.04200E+02
 5.04500E+02
 5.05100E+02
 5.05400E+02
 5.07100E+02
 5.05600E+02
 5.03900E+02
 4.97600E+02
 5.01800E+02
 4.98700E+02
 4.96600E+02
 4.99300E+02
 4.96100E+02
 4.97400E+02
 4.98500E+02
 4.96200E+02
 4.96100E+02
 4.95300E+02
 4.94900E+02
 4.94900E+02
 4.97100E+02
 4.95900E+02
 4.96100E+02
 4.94800E+02
 4.95700E+02
 4.97200E+02
 4.97700E+02
 4.95100E+02
 4.99300E+02
 4.96600E+02
 4.97200E+02
 4.95700E+02
 4.93900E+02
 4.97700E+02
 4.91400E+02
 4.93200E+02
 4.94600E+02
 4.96700E+02
 4.93400E+02
 4.92200E+02
 4.95600E+02
 4.89300E+02
 4.96400E+02
 4.97000E+02
 4.95000E+02
 4.92200E+02
 4.97800E+02
 4.95300E+02
 4.96700E+02
 4.94000E+02
 4.94900E+02
 4.93500E+02
 4.97000E+02
 4.94800E+02
 4.92800E+02
 4.97700E+02
 4.96600E+02
 4.94000E+02
 4.96000E+02
 4.94800E+02
 4.94500E+02
 4.93500E+02
 4.94300E+02
 4.92700E+02
 4.93600E+02
 4.93100E+02
 4.94900E+02
 4.96600E+02
 4.95100E+02
 4.92100E+02
 4.95100E+02
 4.96600E+02
 4.93400E+02
 4.95500E+02
 4.94100E+02
 4.96500E+02
 4.91900E+02
 4.95100E+02
 4.95200E+02
 4.94600E+02
 4.94200E+02
 4.99400E+02
 4.95800E+02
 4.95000E+02
 4.98300E+02
 4.96500E+02
 4.96600E+02
 4.96100E+02
 4.94500E+02
 4.98800E+02
 4.97100E+02
 4.96700E+02
 4.98600E+02
 4.93500E+02
 4.93300E+02
 4.94900E+02
 4.88200E+02
 5.00400E+02
 4.90900E+02
 4.94000E+02
 4.92700E+02
 4.88900E+02
 4.91400E+02
 4.91200E+02
 4.88500E+02
 4.88000E+02
 4.89900E+02
 4.90600E+02
 4.91800E+02
 4.88100E+02
 4.90000E+02
 4.87900E+02
 4.90900E+02
 4.93100E+02
 4.89500E+02
 4.86000E+02
 4.84500E+02
 4.87700E+02
 4.89100E+02
 4.86800E+02
 4.90500E+02
 4.90000E+02
 4.86700E+02
 4.83300E+02
 4.88000E+02
 4.85000E+02
 4.87000E+02
 4.85000E+02
 4.85700E+02
 4.86100E+02
 4.83200E+02
 4.87600E+02
 4.88700E+02
 4.87200E+02
 4.89300E+02
 4.89400E+02
 4.88100E+02
 4.85500E+02
 4.88000E+02
 4.89200E+02
 4.85900E+02
 4.86500E+02
 4.89200E+02
 4.89100E+02
 4.85100E+02
 4.85800E+02
 4.86700E+02
 4.88200E+02
 4.86600E+02
 4.87100E+02
 4.87900E+02
 4.85600E+02
 4.88100E+02
 4.87300E+02
 4.85000E+02
 4.85300E+02
 4.86500E+02
 4.84900E+02
 4.87900E+02
 4.85300E+02
 4.85500E+02
 4.87500E+02
 4.89200E+02
 4.87300E+02
 4.85700E+02
 4.86200E+02
 4.84400E+02
 4.84900E+02
 4.87800E+02
 4.87400E+02
 4.86200E+02
 4.85000E+02
 4.88200E+02
 4.84400E+02
 4.87700E+02
 4.86400E+02
 4.89300E+02
 4.87400E+02
 4.89100E+02
 4.88900E+02
 4.89200E+02
 4.89900E+02
 4.88100E+02
 4.92200E+02
 4.87200E+02
 4.88400E+02
 4.89900E+02
 4.93100E+02
 4.87800E+02
 4.92200E+02
 4.89500E+02
 4.92000E+02
 4.93800E+02
 4.91300E+02
 4.90200E+02
 4.92400E+02
 4.93700E+02
 4.92200E+02
 4.94600E+02
 4.93500E+02
 4.95500E+02
 4.96000E+02
 4.95000E+02
 4.95400E+02
 4.95300E+02
 4.94300E+02
 4.94800E+02
 4.94900E+02
 5.01000E+02
 4.99300E+02
 4.99000E+02
 5.00400E+02
 5.00500E+02
 5.00400E+02
 5.03900E+02
 5.05200E+02
 4.99300E+02
 5.04500E+02
 5.03100E+02
 5.04000E+02
 5.05900E+02
 5.05100E+02
 5.04700E+02
 5.06500E+02
 5.05100E+02
 5.04400E+02
 5.03600E+02
 5.06400E+02
 5.12800E+02
 5.08600E+02
 5.07900E+02
 5.11800E+02
 5.11200E+02
 5.14000E+02
 5.11300E+02
 5.14500E+02
 5.11400E+02
 5.13500E+02
 5.13700E+02
 5.16800E+02
 5.18800E+02
 5.17500E+02
 5.15600E+02
 5.13200E+02
 5.18300E+02
 5.14400E+02
 5.18400E+02
 5.15000E+02
 5.18000E+02
 5.16400E+02
 5.13500E+02
 5.17200E+02
 5.20800E+02
 5.20100E+02
 5.12400E+02
 5.17800E+02
 5.13700E+02
 5.15000E+02
 5.15100E+02
 5.11700E+02
 5.12900E+02
 5.12800E+02
 5.14400E+02
 5.10600E+02
 5.16200E+02
 5.07500E+02
 5.13000E+02
 5.05800E+02
 5.10500E+02
 5.10600E+02
 5.12000E+02
 5.09100E+02
 5.12300E+02
 5.11100E+02
 5.12000E+02
 5.11300E+02
 5.10400E+02
 5.11500E+02
 5.10800E+02
 5.09600E+02
 5.11700E+02
 5.09200E+02
 5.13200E+02
 5.11100E+02
 5.14300E+02
 5.13800E+02
 5.11500E+02
 5.16600E+02
 5.18300E+02
 5.15000E+02
 5.14600E+02
 5.15100E+02
 5.18100E+02
 5.20300E+02
 5.16000E+02
 5.17800E+02
 5.24000E+02
 5.26000E+02
 5.20800E+02
 5.24000E+02
 5.25100E+02
 5.25300E+02
 5.24600E+02
 5.23700E+02
 5.26100E+02
 5.25900E+02
 5.28600E+02
 5.22900E+02
 5.26300E+02
 5.22700E+02
 5.27100E+02
 5.22800E+02
 5.18100E+02
 5.18400E+02
 5.11800E+02
 5.11500E+02
 5.10600E+02
 5.09300E+02
 5.04600E+02
 5.04600E+02
 4.98600E+02
 5.02300E+02
 4.96900E+02
 4.93600E+02
 4.97000E+02
 4.93200E+02
 4.92800E+02
 4.88800E+02
 4.93000E+02
 4.88100E+02
 4.89300E+02
 4.89900E+02
 4.89900E+02
 4.86100E+02
 4.91800E+02
 4.88900E+02
 4.89600E+02
 4.87200E+02
 4.87800E+02
 4.87300E+02
 4.88400E+02
 4.86100E+02
 4.86700E+02
 4.87200E+02
 4.82700E+02
 4.84000E+02
 4.86700E+02
 4.90000E+02
 4.83900E+02
 4.84500E+02
 4.83700E+02
 4.83700E+02
 4.83200E+02
 4.86800E+02
 4.82100E+02
 4.84000E+02
 4.82000E+02
 4.85800E+02
 4.82200E+02
 4.86200E+02
 4.83500E+02
 4.82200E+02
 4.82800E+02
 4.85400E+02
 4.87300E+02
 4.82000E+02
 4.85900E+02
 4.80300E+02
 4.84000E+02
 4.83600E+02
 4.85700E+02
 4.83700E+02
 4.82600E+02
 4.83400E+02
 4.87500E+02
 4.83100E+02
 4.82500E+02
 4.81600E+02
 4.85300E+02
 4.83200E+02
 4.80600E+02
 4.81100E+02
 4.83100E+02
 4.81400E+02
 4.84000E+02
 4.83300E+02
 4.83000E+02
 4.84800E+02
 4.85700E+02
 4.81800E+02
 4.83300E+02
 4.83400E+02
 4.85700E+02
 4.83600E+02
 4.83200E+02
 4.80000E+02
 4.82600E+02
 4.80200E+02
 4.83000E+02
 4.83000E+02
 4.80800E+02
 4.82900E+02
 4.84300E+02
 4.83200E+02
 4.81100E+02
 4.85600E+02
 4.86000E+02
 4.84000E+02
 4.82000E+02
 4.83000E+02
 4.83500E+02
 4.80100E+02
 4.81900E+02
 4.82500E+02
 4.78400E+02
 4.81600E+02
 4.81000E+02
 4.81500E+02
 4.82700E+02
 4.83400E+02
 4.84900E+02
 4.81400E+02
 4.81600E+02
 4.83300E+02
 4.82400E+02
 4.85300E+02
 4.81500E+02
 4.80700E+02
 4.80800E+02
 4.79600E+02
 4.83300E+02
 4.82100E+02
 4.82500E+02
 4.81200E+02
 4.81000E+02
 4.83200E+02
 4.79200E+02
 4.83600E+02
 4.80700E+02
 4.85200E+02
 4.80200E+02
 4.81600E+02
 4.82500E+02
 4.78500E+02
 4.82300E+02
 4.83300E+02
 4.80300E+02
 4.81100E+02
 4.78400E+02
 4.79800E+02
 4.82300E+02
 4.80600E+02
 4.81100E+02
 4.79700E+02
 4.80800E+02
 4.78800E+02
 4.80300E+02
 4.83500E+02
 4.80000E+02
 4.83800E+02
 4.81800E+02
 4.80200E+02
 4.81400E+02
 4.80900E+02
 4.80000E+02
 4.80800E+02
 4.80900E+02
 4.82000E+02
 4.82100E+02
 4.80400E+02
 4.83000E+02
 4.81500E+02
 4.79900E+02
 4.78100E+02
 4.77800E+02
 4.81000E+02
 4.84000E+02
 4.80700E+02
 4.80600E+02
 4.79600E+02
 4.83000E+02
 4.80200E+02
 4.83100E+02
 4.82200E+02
 4.80000E+02
 4.78300E+02
 4.80700E+02
 4.80300E+02
 4.80900E+02
 4.82500E+02
 4.80900E+02
 4.80300E+02
 4.79600E+02
 4.79900E+02
 4.78400E+02
 4.78500E+02
 4.80200E+02
 4.80500E+02
 4.80800E+02
 4.80900E+02
 4.78400E+02
 4.79300E+02
 4.79000E+02
 4.80200E+02
 4.83700E+02
 4.81700E+02
 4.77700E+02
 4.83200E+02
 4.79900E+02
 4.76500E+02
 4.79000E+02
 4.80800E+02
 4.79300E+02
 4.80500E+02
 4.79300E+02
 4.79700E+02
 4.81300E+02
 4.80400E+02
 4.81500E+02
 4.82700E+02
 4.77600E+02
 4.80000E+02
 4.83500E+02
 4.81100E+02
 4.80500E+02
 4.81300E+02
 4.79100E+02
 4.79700E+02
 4.78500E+02
 4.78300E+02
 4.81000E+02
 4.77400E+02
 4.79500E+02
 4.81300E+02
 4.78200E+02
 4.79000E+02
 4.78900E+02
 4.82000E+02
 4.80000E+02
 4.78000E+02
 4.80700E+02
 4.82200E+02
 4.79200E+02
 4.80200E+02
 4.82000E+02
 4.78000E+02
 4.81700E+02
 4.81200E+02
 4.79600E+02
 4.77200E+02
 4.78900E+02
 4.79200E+02
 4.82200E+02
 4.80500E+02
 4.80900E+02
 4.80600E+02
 4.80200E+02
 4.78200E+02
 4.83200E+02
 4.82500E+02
 4.79400E+02
 4.79600E+02
 4.80200E+02
 4.78400E+02
 4.80100E+02
 4.80200E+02
 4.78500E+02
 4.79100E+02
 4.82100E+02
 4.80900E+02
 4.83100E+02
 4.78000E+02
 4.77900E+02
 4.82500E+02
 4.77900E+02
 4.82100E+02
 4.80700E+02
 4.79100E+02
 4.78600E+02
 4.79300E+02
 4.82700E+02
 4.82000E+02
 4.79400E+02
 4.79500E+02
 4.81800E+02
 4.80500E+02
 4.78300E+02
 4.80400E+02
 4.81000E+02
 4.82000E+02
 4.82300E+02
 4.80600E+02
 4.80200E+02
 4.82200E+02
 4.77200E+02
 4.82400E+02
 4.78800E+02
 4.79300E+02
 4.79000E+02
 4.80000E+02
 4.79300E+02
 4.80800E+02
 4.83000E+02
 4.81400E+02
 4.83000E+02
 4.78900E+02
 4.80100E+02
 4.81800E+02
 4.82900E+02
 4.78100E+02
 4.78600E+02
 4.79300E+02
 4.81000E+02
 4.81500E+02
 4.79100E+02
 4.78300E+02
 4.81600E+02
 4.79000E+02
 4.80300E+02
 4.81300E+02
 4.83100E+02
 4.79400E+02
 4.80800E+02
 4.79000E+02
 4.81300E+02
 4.80300E+02
 4.78700E+02
 4.80200E+02
 4.83200E+02
 4.80000E+02
 4.80500E+02
 4.80400E+02
 4.81500E+02
 4.80500E+02
 4.80100E+02
 4.78500E+02
 4.83000E+02
 4.77900E+02
 4.80500E+02
 4.79500E+02
 4.78500E+02
 4.80600E+02
 4.79300E+02
 4.79600E+02
 4.79700E+02
 4.78000E+02
 4.80600E+02
 4.81900E+02
 4.79000E+02
 4.78100E+02
 4.80200E+02
 4.78800E+02
 4.81900E+02
 4.78800E+02
 4.79600E+02
 4.78000E+02
 4.80400E+02
 4.80800E+02
 4.79200E+02
 4.78800E+02
 4.80600E+02
 4.79000E+02
 4.80200E+02
 4.78300E+02
 4.77800E+02
 4.80600E+02
 4.78900E+02
 4.78500E+02
 4.77900E+02
 4.78700E+02
 4.80600E+02
 4.78400E+02
 4.77900E+02
 4.80100E+02
 4.78700E+02
 4.80400E+02
 4.80800E+02
 4.79100E+02
 4.79600E+02
 4.76700E+02
 4.79200E+02
 4.77800E+02
 4.80500E+02
 4.80300E+02
 4.77700E+02
 4.78200E+02
 4.74300E+02
 4.79100E+02
 4.79500E+02
 4.76800E+02
 4.77000E+02
 4.78600E+02
 4.75100E+02
 4.78300E+02
 4.77100E+02
 4.76700E+02
 4.78000E+02
 4.77900E+02
 4.77900E+02
 4.77400E+02
 4.75800E+02
 4.75900E+02
 4.79200E+02
 4.77200E+02
 4.78700E+02
 4.76400E+02
 4.78000E+02
 4.74600E+02
 4.77300E+02
 4.77900E+02
 4.73800E+02
 4.75800E+02
 4.74400E+02
 4.73800E+02
 4.77500E+02
 4.74400E+02
 4.75700E+02
 4.74000E+02
 4.75000E+02
 4.76200E+02
 4.74300E+02
 4.73700E+02
 4.76400E+02
 4.75700E+02
 4.72200E+02
 4.74800E+02
 4.75700E+02
 4.73300E+02
 4.75900E+02
 4.73400E+02
 4.74500E+02
 4.74200E+02
 4.76300E+02
 4.77000E+02
 4.73600E+02
 4.74200E+02
 4.74200E+02
 4.72700E+02
 4.75600E+02
 4.76600E+02
 4.74600E+02
 4.77900E+02
 4.70300E+02
 4.70800E+02
 4.72200E+02
 4.73400E+02
 4.74900E+02
 4.74300E+02
 4.73600E+02
 4.71500E+02
 4.74800E+02
 4.72600E+02
 4.70900E+02
 4.72400E+02
 4.71000E+02
 4.74200E+02
 4.73600E+02
 4.70800E+02
 4.74300E+02
 4.71300E+02
 4.73200E+02
 4.70400E+02
 4.71900E+02
 4.70700E+02
 4.71900E+02
 4.74900E+02
 4.69900E+02
 4.70800E+02
 4.70000E+02
 4.71300E+02
 4.71700E+02
 4.70000E+02
 4.70500E+02
 4.71500E+02
 4.70400E+02
 4.68300E+02
 4.71600E+02
 4.71400E+02
 4.69900E+02
 4.71100E+02
 4.70600E+02
 4.69000E+02
 4.70800E+02
 4.72500E+02
 4.69300E+02
 4.69600E+02
 4.67800E+02
 4.71300E+02
 4.70100E+02
 4.71000E+02
 4.68400E+02
 4.68800E+02
 4.69800E+02
 4.67600E+02
 4.69800E+02
 4.69200E+02
 4.69100E+02
 4.69700E+02
 4.71000E+02
 4.68700E+02
 4.69200E+02
 4.66800E+02
 4.66900E+02
 4.65900E+02
 4.68400E+02
 4.67600E+02
 4.67100E+02
 4.68600E+02
 4.68200E+02
 4.68100E+02
 4.68200E+02
 4.68200E+02
 4.69400E+02
 4.69300E+02
 4.68500E+02
 4.70000E+02
 4.68400E+02
 4.66500E+02
 4.69200E+02
 4.69400E+02
 4.70400E+02
 4.67400E+02
 4.68300E+02
 4.67300E+02
 4.67300E+02
 4.66100E+02
 4.65800E+02
 4.70800E+02
 4.65300E+02
 4.70500E+02
 4.69300E+02
 4.65000E+02
 4.67400E+02
 4.67300E+02
 4.66500E+02
 4.69200E+02
 4.67300E+02
 4.65600E+02
 4.67800E+02
 4.68500E+02
 4.66300E+02
 4.65100E+02
 4.68300E+02
 4.66700E+02
 4.67500E+02
 4.66600E+02
 4.67700E+02
 4.67600E+02
 4.67800E+02
 4.66000E+02
 4.68300E+02
 4.65800E+02
 4.68900E+02
 4.64500E+02
 4.66300E+02
 4.66200E+02
 4.67400E+02
 4.65900E+02
 4.65900E+02
 4.65600E+02
 4.66800E+02
 4.65300E+02
 4.68000E+02
 4.66300E+02
 4.68000E+02
 4.67800E+02
 4.67100E+02
 4.68400E+02
 4.65200E+02
 4.66500E+02
 4.65700E+02
 4.64800E+02
 4.64400E+02
 4.65000E+02
 4.67300E+02
 4.63800E+02
 4.67700E+02
 4.64700E+02
 4.63500E+02
 4.65700E+02
 4.65600E+02
 4.66100E+02
 4.63700E+02
 4.65600E+02
 4.67700E+02
 4.68100E+02
 4.65500E+02
 4.65400E+02
 4.67100E+02
 4.63900E+02
 4.64800E+02
 4.64800E+02
 4.65600E+02
 4.67600E+02
 4.66500E+02
 4.65200E+02
 4.65400E+02
 4.63600E+02
 4.65000E+02
 4.64000E+02
 4.64800E+02
 4.63800E+02
 4.65200E+02
 4.65800E+02
 4.65800E+02
 4.64500E+02
 4.63400E+02
 4.66000E+02
 4.65500E+02
 4.66400E+02
 4.63700E+02
 4.64700E+02
 4.65200E+02
 4.65800E+02
 4.62600E+02
 4.65700E+02
 4.64000E+02
 4.69500E+02
 4.62700E+02
 4.63700E+02
 4.64600E+02
 4.63900E+02
 4.63600E+02
 4.64400E+02
 4.62900E+02
 4.63200E+02
 4.64500E+02
 4.63000E+02
 4.62200E+02
 4.64500E+02
 4.60200E+02
 4.62400E+02
 4.64800E+02
 4.63100E+02
 4.65300E+02
 4.63900E+02
 4.65300E+02
 4.62500E+02
 4.60900E+02
 4.61400E+02
